0.003343989849090576
0.010396003723144531
0.0022149920463562013
0.0036750054359436036
0.0059280085563659666
0.006709997653961182
0.006756002902984619
0.006947007179260254
0.010966010093688965
0.014125993251800537
0.013568987846374512
0.013566014766693115
0.018410003185272215
0.016292989253997803
0.019066004753112792
0.017813010215759276
0.02520599365234375
0.0300600004196167
0.051594996452331544
0.02841601610183716
0.024631001949310304
0.028738992214202883
0.03174600839614868
0.03546701192855835
0.032931997776031494
0.0364150071144104
0.036199002265930175
0.03542799711227417
0.04195699214935303
0.038135993480682376
0.03444500923156738
0.04800299882888794
0.046450991630554196
0.041735997200012205
0.04259799718856812
0.0418379807472229
0.05523601531982422
0.05429499626159668
0.04878700256347656
0.048103017807006834
0.05120298147201538
0.05549098968505859
0.0494100022315979
0.05657900333404541
0.06538799047470092
0.06142298936843872
0.05670999765396118
0.06343798398971558
0.05973701000213623
0.07067100286483764
0.08579602003097535
0.06988099336624146
0.06596000671386719
0.08175099849700927
0.08119099855422973
0.07234401941299438
0.07492800235748291
0.08056698560714722
0.11440400838851929
0.09876601696014405
0.09218800067901611
0.08312401294708252
0.0803830099105835
0.12143199920654296
0.08265198945999146
0.08464599847793579
0.11357799768447877
0.09169000625610352
0.11074099063873291
0.09361600875854492
0.10675501346588134
0.1087929916381836
0.09722198963165284
0.10004999399185181
0.12710400819778442
0.1416999864578247
0.09961299419403076
0.10817699432373047
0.09616899967193604
0.12731801033020018
0.13438499927520753
0.1382160019874573
0.1374000072479248
0.11430199384689331
0.13684099674224853
0.1380759906768799
0.12421200275421143
0.12650499105453492
0.14393198013305664
0.13848802089691162
0.17003899335861206
0.14369399547576905
0.14625099897384644
0.14025798559188843
0.11562899112701416
0.13019601106643677
0.13678600788116455
0.14369899034500122
0.16755800008773802
0.17045600175857545
0.17794200897216797
0.163202006816864
0.1749390172958374
0.17493700742721557
0.17910101652145385
0.156718008518219
0.17046599626541137
0.2238969945907593
0.17839499235153197
0.18965800285339354
0.17099400281906127
0.19687601089477538
0.17539001226425172
0.18333500623703003
0.16639899969100952
0.17300200700759888
0.18355901956558227
0.1821819996833801
0.19055997848510742
0.19504500389099122
0.1802590012550354
0.20665499925613404
0.21863000869750976
0.2313099980354309
0.2011139941215515
0.2011380076408386
0.2101500177383423
0.2119670057296753
0.20844199180603026
0.19333900451660158
0.1882159948348999
0.29989200592041015
0.2550120115280151
0.19720400094985963
0.20711999893188476
0.34136199951171875
0.19256200075149535
0.19895700454711915
0.22235900163650513
0.23558199882507325
0.2455050015449524
0.23944500207901
0.2514089846611023
0.23233498573303224
0.23444199800491333
0.24428298950195312
0.2735709810256958
0.2601870059967041
0.21871301412582397
0.24423101425170898
0.2521400022506714
0.22393400669097902
0.27700302124023435
0.2627089881896973
0.2313860058784485
0.29954999208450317
0.24093100309371948
0.2236870002746582
0.26366500616073607
0.2596739888191223
0.25831299543380737
0.2786010003089905
0.2623070025444031
0.335707995891571
0.2764399838447571
0.23099101305007935
0.24741902351379394
0.30783299446105955
0.356286997795105
0.3440779972076416
0.2691339921951294
0.2510209965705872
0.31431901454925537
0.27952701330184937
0.29852699995040893
0.31732300281524656
0.3162080144882202
0.3572880005836487
0.2943920111656189
0.32008999586105347
0.28389300107955934
0.33513999700546265
0.34230501890182496
0.29431100606918337
0.27582100868225096
0.30039200782775877
0.31291799306869506
0.282675998210907
0.324696991443634
0.3326150107383728
0.3117330026626587
0.3647299838066101
0.2982209825515747
0.42071999788284303
0.37171598911285403
0.3817109942436218
0.34592400074005125
0.29492798566818235
0.3115090036392212
0.3776700067520142
0.3742289924621582
0.3398040056228638
0.36745998859405515
0.3151060032844544
0.3606730008125305
0.31823298931121824
0.32172599554061887
0.369425003528595
0.3698699998855591
0.33688800573349
0.3742199850082397
0.3891230034828186
0.36699299573898314
0.3754569959640503
0.329021999835968
0.3765899872779846
0.48151100635528565
0.5345580005645751