0.004934999942779541
0.015044994354248047
0.000625
0.0013249969482421874
0.001940000057220459
0.0024120068550109864
0.003151998519897461
0.001989989280700684
0.0020580077171325683
0.0023419904708862306
0.0053749895095825196
0.006286001205444336
0.006987004280090332
0.014090001583099365
0.015064008235931396
0.008372011184692383
0.008691008090972901
0.010000007152557373
0.010239999294281005
0.015100994110107423
0.017789003849029542
0.016302976608276367
0.012748992443084717
0.013066000938415527
0.013339004516601562
0.02764599323272705
0.02742699146270752
0.016360995769500734
0.016440012454986573
0.01667698860168457
0.016493997573852538
0.01727100133895874
0.017119996547698975
0.018316001892089845
0.019033005237579347
0.019377989768981932
0.01969900131225586
0.01988100051879883
0.025074992179870605
0.028053989410400392
0.022295012474060058
0.02435599088668823
0.023916015625
0.024427988529205323
0.025776991844177245
0.02447300672531128
0.04756601333618164
0.027513997554779054
0.02658597707748413
0.028014986515045165
0.029044010639190675
0.028834011554718018
0.055440993309021
0.03419399499893189
0.03203099250793457
0.03135001420974731
0.03167000293731689
0.03250800371170044
0.032440001964569094
0.03676799774169922
0.03392001152038574
0.03460299015045166
0.06463301658630372
0.03638698577880859
0.03491900444030762
0.03556400775909424
0.03883001565933228
0.03954899549484253
0.038947982788085936
0.03749800443649292
0.03829298257827759
0.040084009170532224
0.03968200206756592
0.040506992340087894
0.06051500082015991
0.0741510009765625
0.040990006923675534
0.04493499517440796
0.04678999185562134
0.06707098722457885
0.04416900157928467
0.05922200202941894
0.06089898586273193
0.04515999794006348
0.04686400890350342
0.04833699703216553
0.04924999237060547
0.04822300672531128
0.07819899559020996
0.04990298748016357
0.05091598987579346
0.0530040168762207
0.05118301868438721
0.05253300905227661
0.05550499677658081
0.059422004222869876
0.059915006160736084
0.05779499530792236
0.055561003684997556
0.06940300703048706
0.06294700384140015
0.05968400001525879
0.058735990524291994
0.08719398736953736
0.09663899898529053
0.06375699043273926
0.06460798978805542
0.06601299285888672
0.06339599370956421
0.06341302633285523
0.06495399951934815
0.06666399717330933
0.06627400875091553
0.09165700435638428
0.06647301435470582
0.06691300153732299
0.07950899362564087
0.06939397811889648
0.06860600233078003
0.07015100240707398
0.06994400978088379
0.06807699680328369
0.06816199541091919
0.07151301383972168
0.0710699987411499
0.07341399669647217
0.07112700700759887
0.09460500240325928
0.07434901475906372
0.0727120041847229
0.07083398580551148
0.07588900804519653
0.07144899368286133
0.07800499439239501
0.07573500156402588
0.0775230097770691
0.13927499294281007
0.0765959882736206
0.07545299768447876
0.0785789966583252
0.07772000789642335
0.07723000526428223
0.07667799949645997
0.08878900289535523
0.08090099811553955
0.08573596715927125
0.08723899841308594
0.10289699316024781
0.0820740032196045
0.08154802560806275
0.08496599674224853
0.08530800104141235
0.08813899278640747
0.0847019910812378
0.09036400318145751
0.10344101190567016
0.08782100200653076
0.0849030089378357
0.08730201005935669
0.09584600448608399
0.09149601459503173
0.09365699529647827
0.1074509859085083
0.09248901605606079
0.09430700063705444
0.09343198776245117
0.09611199617385864
0.09364099979400635
0.09430199861526489
0.10015100717544556
0.09628998756408691
0.09577199935913086
0.15281800985336302
0.09885099411010742
0.09903399467468262
0.1034889841079712
0.09781100034713745
0.10279399394989014
0.11133199691772461
0.10209800243377685
0.13065099716186523
0.10491499900817872
0.10168699026107789
0.11200501918792724
0.1068989872932434
0.11108000755310059
0.10830201387405396
0.10562999486923218
0.10931600093841552
0.11111701011657715
0.11337100267410279
0.17434199333190917
0.18141998767852782
0.12233601331710815
0.19268998861312867
0.11441500902175904
0.11487600564956665
0.11590997934341431
0.11302900314331055
0.11589200496673584
0.12121499061584473
0.15255298614501953
0.1172459864616394
0.12387799739837646
0.1407680082321167
0.1239740014076233
0.11662799835205079
0.12709700107574462
0.12729499340057374
0.11934000968933106
0.1263759970664978
0.17191200971603393
0.12738799095153808
0.12248200654983521
0.14846301078796387
0.12945698499679564
0.12574599027633668
0.1695380163192749
0.1778229880332947
0.12702200174331665
0.12929800271987915
0.1267560052871704
0.12980700492858888
0.13475699663162233
0.13271899700164794
0.18682297468185424
0.13113800287246705
0.15047399520874025
0.13491700887680053
0.13302500247955323
0.1914329719543457
0.17710201740264891
0.19740798473358154
0.15111001014709471
0.15995898962020874
0.1355709981918335
0.1581839919090271
0.13768101453781129
0.16531298637390138
0.17735201120376587
0.2317639946937561
0.15327901124954224
0.1401900029182434
0.142144992351532
0.14032399415969848
0.14665701389312744
0.14750000476837158
0.1881059980392456
0.19695699214935303
0.19264600038528443
0.14876299381256103
0.14350000619888306
0.20207198619842529
0.23532800912857055
0.2821140146255493
0.14549100875854493
0.1453879976272583
0.25931998491287234
0.18708398342132568
0.14634198904037476
0.19643200159072877
0.21639600038528442
0.2627450084686279
0.18914899110794067
0.16026000261306764
0.180791015625
0.20970299243927001
0.21754899740219116
0.19661201953887938
0.2265929937362671
0.19756601333618165
0.1829349946975708
0.21540101051330565
0.23372199296951293
0.23761101961135864
0.27528599739074705
0.2848930025100708
0.2409769868850708
0.20135401010513307
0.20814699411392212
0.29263499736785886
0.27924500703811644
0.22648200511932373
0.2169560194015503
0.24956499814987182
0.17346898555755616
0.2345400023460388
0.24536599159240724
0.22612199783325196
0.21534000873565673
0.18823700189590453
0.18079800367355348
0.21815500020980835
0.20324301481246948
0.19266900300979614
0.19839099884033204
0.19848500251770018
0.3040060043334961
0.16873300790786744
0.17312299489974975
0.18154199600219725
0.17429200172424317
0.2619330048561096
0.22279800176620485
0.21354899406433106
0.20140801906585692
0.21884199619293213
0.25483998775482175
0.31350600481033325
0.27356499433517456
0.18937801599502563
0.20382700443267823
0.3040790152549744
0.2390100145339966
0.24447599172592163
0.25876301050186157
0.2556089973449707
0.2711949944496155
0.23020200490951537
0.22550698041915893
0.24293699026107787
0.19826798439025878
0.22946698665618898
0.2584439992904663
0.27291701316833494
0.20734700918197632
0.1929449939727783
0.19295398473739625
0.22414701461791992
0.22939698934555053
0.30207899570465085
0.2649319982528687
0.23628100872039795
0.2617880082130432
0.23178900241851808
0.3341969871520996
0.2601810145378113
0.22172601222991944
0.23026798486709596
0.4563729977607727
0.409638979434967
0.23955800056457519
0.18938499927520752
0.2439199995994568
0.21901098728179932
0.29663197994232177
0.23222201347351074
0.23465601921081544
0.2628239941596985
0.34590099334716795
0.21044098138809203
0.2407509970664978
0.25120500087738035
0.2716340184211731
0.2385430097579956
0.3436759996414185
0.2753270077705383
0.31256800413131713
0.24642200708389284
0.2669990086555481
0.26265198707580567
0.3047060012817383
0.2423579978942871
0.2565250062942505
0.23809700965881347
0.2881330013275146
0.21170100688934326
0.35430399894714354
0.2892280101776123
0.3227920126914978
0.3080449962615967
0.27326700210571286
0.24347498893737793
0.23559700489044189
0.3834260177612305
0.3066689991950989
0.2778360104560852
0.2783339977264404
0.29035999536514284
0.26479301452636717
0.2947360014915466
0.24881299018859862
0.24460299491882323
0.2366100072860718
0.2865709924697876
0.23193099975585937
0.23691500425338746
0.32466899394989013
0.23413198471069335
0.23381199121475219
0.29924998998641966
0.2741300106048584
0.23560399770736695
0.29466901302337645
0.24250500202178954
0.28067699670791624
0.28252400159835817
0.32089600563049314
0.2912249803543091
0.36925400257110597
0.30976799964904783
0.3420229911804199
0.280964994430542
0.3601609992980957
0.31838598728179934
0.3928019833564758
0.36397398710250856
0.2925459909439087
0.3619989919662476
0.4512630081176758
0.4152789926528931
0.38613601446151735
0.3787460064888
0.3378360033035278
0.2568689966201782
0.2516250014305115
0.29537200450897216
0.3305200028419495
0.3553320026397705
0.33757399797439575
0.3075399971008301
0.30685200929641726
0.25490100145339967
0.2946180033683777
0.2574889874458313
0.36974098920822146
0.28948100566864016
0.3218650126457214
0.32456101417541505
0.31132099628448484
0.363798999786377
0.30683600187301635
0.28459999084472654
0.37949500799179076
0.31466500043869017
0.3045329976081848
0.4499329996109009
0.4175270104408264
0.33515100717544555
0.43180801153182985
0.6149890089035034
0.42147500038146973
0.3562629842758179
0.33261699676513673
0.3613209962844849
0.6223390007019043
0.3389289927482605
0.3008130121231079
0.33584300994873045
0.3594239830970764
0.3991460156440735
0.30689000606536865
0.38088101148605347
0.32089000940322876
0.4153250074386597
0.36366600036621094
0.3974710178375244
0.32159799098968506
0.36577199697494506
0.27373700618743896
0.3159680151939392
0.31244399547576907
0.3593580150604248
0.33970600843429566
0.2782719922065735
0.358110990524292
0.2983569884300232
0.32629998445510866
0.30199699640274047
0.284804003238678
0.3442390012741089
0.33808699131011966
0.2881399941444397
0.3015399956703186
0.32615199565887454
0.5000459933280945
0.5055809950828553
0.41849799871444704
0.3700959873199463
0.3138000106811523
0.34432700395584104
0.47401501655578615
0.3642699956893921
0.419342999458313
0.5680819964408874
0.34659001111984256
0.3869860053062439
0.3845100164413452
0.3468130016326904
0.29409399032592776
0.40163799524307253
0.45512899160385134
0.4647540044784546
0.44992900133132935
0.36998000621795657
0.4674799966812134
0.47032898902893067
0.3617309880256653
0.6131600069999695
0.403442006111145
0.32832098960876466
0.3683149862289429
0.39385600805282595
0.31478798866271973
0.37519999980926516
0.41080900669097903
0.3766210079193115
0.37995400190353396
0.513901014328003
0.5457020092010498
0.40092098474502563
0.3841860008239746
0.41183998584747317
0.34569999933242795
0.41101501941680907
0.31542899131774904
0.3689090061187744
0.43372401475906375
0.442237012386322
0.40003299474716186
0.4976740026473999
0.49715400457382203
0.45629000902175904
0.5013939929008484
0.3894039988517761
0.445729992389679
0.43290602207183837
0.440275993347168
0.48842599868774417
0.4866120076179504
0.45120399713516235
0.3476859998703003
0.45422699928283694
0.3380959939956665
0.4460979986190796
0.34807199001312256
0.4203909802436829
0.4371749830245972
0.39139700412750245
0.5215829873085022
0.42291501045227053
0.4673019957542419
0.45265100240707395
0.3852730107307434
0.45489699840545655
0.42648198366165163
0.35167999744415285
0.3851379919052124
0.5038000154495239
0.5220360112190247
0.35489898443222045
0.3212019968032837
0.5465449976921082
0.3527500033378601
0.39547401189804077
0.5113749980926514
0.36680599212646486
0.3535109877586365
0.4033560013771057
0.5072549986839294
0.43970399141311645
0.49254798650741577
0.4799210143089294
0.4689019799232483
0.47723099231719973
0.5153409910202026
0.3680229949951172
0.40312599182128905
0.4263440203666687
0.3763159918785095
0.3756800007820129
0.39718098402023316
0.3590569996833801
0.48908802032470705
0.34224499940872194
0.3342210030555725
0.39570500612258913
0.4014870071411133
0.38487699508666995
0.452741003036499
0.33973702907562253
0.384520001411438
0.35247899770736696
0.3971529912948608
0.3811869955062866
0.5240770006179809
0.4190490102767944
0.47932799339294435
0.4860949993133545
0.3276549959182739
0.3535869836807251
0.4737610125541687
0.3625369930267334
0.4418459820747376
0.4883089947700501
0.5185599756240845
0.362621009349823
0.43164499282836916
0.5373669981956481
0.5178830027580261
0.6415869998931885
0.47084898710250855
0.4367240071296692
0.3769930124282837
0.37725099563598635
0.3890610003471375
0.5007300043106079
0.48175099849700925
0.46175100564956667
0.36200900316238405
0.5301219844818115
0.5499889922142028
0.42877300262451173
0.4358860206604004
0.43736700296401976
0.5216950130462646
0.4420399856567383
0.3989230012893677
0.43623401403427126
0.48224299669265747
0.5337769937515259
0.39264401197433474
0.366836998462677
0.3909549999237061
0.3798259902000427
0.39392600774765013
0.5007219910621643
0.45156598567962647
0.43369500160217284
0.42251598596572876
0.4874380087852478
0.4689409971237183
0.5024969863891602
0.42125500440597535
0.44603499412536624
0.4901300048828125
0.571452009677887
0.5166389989852905
0.5302490043640137
0.6103829979896546
0.4816699957847595
0.5732020020484925
0.45269601345062255
0.4500420022010803
0.5168390202522278
0.44308598518371584
0.4857980012893677
0.4324380087852478
0.48089200735092164
0.47148699760437013
0.44456198930740354
0.4756110024452209
0.5442439866065979
0.4971519947052002
0.38667200565338133
0.5351060056686401
0.485529990196228
0.38095999002456665
0.5728309869766235
0.48855200290679934
0.5850089979171753
0.4655299782752991
0.4331340289115906
0.5078269815444947
0.5259869885444641
0.46373500108718874
0.4421279978752136
0.41671301126480104
0.5665969896316528
0.5770880031585693
0.48563398361206056
0.4984449911117554
0.5435479831695557
0.4927560019493103
0.5001410031318665
0.6230840134620667
0.46321299552917483
0.5126270127296447
0.4609340143203735
0.4066710162162781
0.5724339985847473
0.4567819952964783
0.45682602405548095
0.5082689809799195
0.42634299516677854
0.5650359964370728
0.49153700590133664
0.5115229940414429
0.575426013469696
0.5904700207710266
0.47336201667785643
0.4999940085411072
0.5992369866371154
0.7308190035820007
0.48097599744796754
0.5759729886054993
0.4675200033187866
0.4631450057029724
0.5843849945068359
0.4950089907646179
0.454603009223938
0.44678000211715696
0.6110360193252563
0.6453989911079406
0.5777760171890258
0.5786199808120728
0.5836159896850586
0.490796000957489
0.5101049971580506
0.5099180006980896
0.48281499147415163
0.4836509847640991
0.5982259917259216
0.519732985496521
0.4834630131721497
0.5349989986419678
0.4815909957885742
0.4533140015602112
0.5307059907913207
0.5785930013656616
0.5356139993667602
0.5435119986534118
0.7158849883079529
0.5646580028533935
0.5485619902610779
0.5698059892654419
0.5553080034255982
0.44751099348068235
0.6177119970321655
0.6405519962310791
0.5418910145759582
0.5559460043907165
0.5619670104980469
0.5812069916725159
0.6014729976654053
0.536970989704132
0.5705259919166565
0.5764879775047302
0.5717549991607666
0.7076040077209472
0.6753590273857116
0.7061340069770813
0.6078670001029969
0.4830519938468933
0.5243730020523071
0.4612510061264038
0.46468998670578004
0.5482570004463195
0.6257469701766968
0.47620701789855957
0.636561996936798
0.6162089967727661
0.5961309814453125
0.47793600559234617
0.6651439952850342
0.6609220027923584
0.5696009922027588
0.6401859879493713
0.6463690066337585
0.646751024723053
0.5469200015068054
0.5479940009117127
0.6772860074043274
0.5310259962081909
0.6121469926834107
0.46700502157211304
0.6225700044631958
0.629648015499115
0.6287500119209289
0.5938289928436279
0.6717070007324218
0.6023349905014038
0.6852930092811584
0.6986659741401673
0.7455099987983703
0.6127890062332153
0.6282479882240295
0.5350880193710327
0.5625119972229004
0.5586449933052063
0.5910849976539612
0.5791360068321229
0.5775140237808227
0.5786510109901428
0.6965779972076416
0.7274370217323303
0.6098730063438416
0.6240959906578064
0.6862509965896606
0.611370997428894
0.7164879965782166
0.568693995475769
0.6379330039024353
0.7546560072898865
0.6110860085487366
0.6801779913902283
0.6233190131187439
0.7777990078926087
0.6098059988021851
0.6228680109977722
0.5166519999504089
0.5912689924240112
0.6616619896888732
0.732964997291565
0.618816990852356
0.7507550024986267
0.676470000743866
0.7168979930877686
0.6380840182304383
0.567290985584259
0.6720129919052124
0.5981979990005493
0.5375779891014099
0.7210889840126038
0.5099730181694031
0.46673399686813355
0.5675729990005494
0.5970370101928711
0.5648689961433411
0.580247004032135
0.5795669960975647
0.4958919930458069
0.5741370058059693
0.6621850228309631
0.5426389956474305
0.7950630044937134
0.556916995048523
0.5018879890441894
0.5952710008621216
0.8130979990959167
0.630725998878479
0.5844249987602234
0.7171849870681762
0.725342001914978
0.6982209944725036
0.6554419970512391
0.6441950082778931
0.6453600096702575
0.650788996219635
0.5443500065803528
0.5449459862709045
0.565212013721466
0.7109279990196228
0.5146949911117553
0.643830018043518
0.5685899996757507
0.7676370072364808
0.7374970102310181
0.6835279870033264
0.7745059943199157
0.5841489911079407
0.5853990077972412
0.5450119972229004
0.678912992477417
0.6315520071983337
0.7082139825820923
0.6444100046157837
0.8493830132484436
0.5975939798355102
0.6918899893760682
0.6636710023880005
0.7564839911460877
0.7030570030212402
0.7607379984855652
0.903034017086029
0.6760809993743897
0.6207620000839233
0.8438590049743653
0.6875220108032226
0.7040639853477478
0.6718349933624268
0.6420369958877563
0.7220000147819519
0.6356520009040832
0.6626329827308655
0.658567008972168
0.945745005607605
0.8712250018119811
0.5900820016860961
0.6535639834403991
0.6317470002174378
0.7116449999809266
0.6880359840393067
0.6139060068130493
0.6784699988365174
0.561603000164032
0.7838259840011597
0.6302910041809082
0.65036700963974
0.7950660085678101
0.77939701795578
0.6681649971008301
0.7268730020523071
0.5837069821357727
0.6949939894676208
0.732043023109436
0.6627819991111755
0.6258650088310241
0.5999430203437806
0.559311990737915
0.558491005897522
0.6834159874916077
0.7561769938468933
0.5726939964294434
0.7249690175056458
0.7207419896125793
0.7180090069770813
0.7132120084762573
0.7604630160331726
0.7647319889068603
0.6996359992027282
0.6342739939689637
0.5913160014152526
0.5824150252342224
0.5944839715957642
0.5854399943351746
0.5488949966430664
0.5389579868316651
0.7138980007171631
0.6228039717674255
0.5772220206260681
0.5821889996528625
0.6028369951248169
0.5512670063972473
0.6377680230140687
0.6071650171279908
0.5842740035057068
0.6312629914283753
0.6277139902114868
0.5796810007095337
0.5602439951896667
0.6182100009918213
0.5719879913330078
0.5631820011138916
0.5919040012359619
0.6916879963874817
0.7346040058135986
1.150802001953125
0.7501030039787292
0.7627879929542541
0.7091890025138855
0.6109289860725403
0.6077459907531738
0.7312620067596436
0.6474329948425293
0.828372004032135
0.7349179649353027
0.740508987903595
0.7110890102386475
0.6475059819221497
0.5714569926261902
0.7481640028953552
0.6738020014762879
0.669179003238678
0.6258140015602112
0.6525880122184753
0.7667030048370361
0.593386001586914
0.636572003364563
0.8049659943580627
0.9294810128211975
0.7981819844245911
0.8861540126800537
0.6602739858627319
0.6838829946517945
0.6410720133781433
0.5997259950637818
0.6035550165176392
0.616881000995636
0.5820869898796082
0.788116009235382
0.6329449963569641
0.6688730001449585
0.7068759846687317
0.7612370038032532
0.6185250186920166
0.632955994606018
0.598012011051178
0.6592219972610474
0.5782690048217773
0.6972689843177795
0.6409839820861817
0.5875370001792908
0.5714490056037903
0.6656809973716736
0.6218840122222901
0.7226780104637146
0.7938530087471009
0.7236279964447021
0.6546309995651245
0.5997569918632507
0.6630439901351929
0.6418040227890015
0.6793970084190368
0.6598259925842285
0.6286600065231324
0.6801829886436462
0.666866991519928
0.8270279908180237
0.6222719979286194
0.7316460037231445
0.6423160076141358
0.776573007106781
0.6849770140647888
0.5919159889221192
0.6767040157318115
0.6846020197868348
0.7420029973983765
0.6579310011863708
0.6446050000190735
0.7687079811096191
0.6150289964675903
0.6528860068321228
0.7328770017623901
0.6252519989013672
0.5991549921035767
0.6199809861183166
0.5847259855270386
0.6099939918518067
0.5942770004272461
0.5695250010490418
0.5755209827423096
0.5968300008773804
0.5822049951553345
0.6018589854240417
0.5836609768867492
0.6038740158081055
0.5851349854469299
1.0382440185546875
0.588814001083374
0.6197389960289001
0.6539759874343872
0.5841619992256164
0.6282390069961548
0.642523021697998
0.5953630089759827
0.6491309952735901
0.6470120048522949
0.6442179989814758
0.6617450070381165
0.6310040044784546
0.750583999156952
0.590788004398346
0.7701350092887879
0.6837159872055054
0.6227360033988952
0.7514680027961731
0.6200210165977478
0.638680009841919
0.8198429846763611
0.6435990023612976
0.7314760112762451
0.6389539957046508
0.648938980102539
0.7845000004768372
0.828825991153717
0.6639520049095153
0.6963469910621644
0.7993970084190368
0.7886910128593445
0.6769779753684998
0.7063119983673096
0.6720689916610718
0.7134139847755432
0.6448840165138244
0.7095280170440674
0.6597789883613586
0.6527730059623719
0.6347690010070801
0.769317991733551
0.750178005695343
0.6403950047492981
0.7099360132217407
0.6543870067596436
0.731825008392334
0.7759659957885742
0.7935069966316223
0.6764280009269714
0.7001960158348084
0.6814280104637146
0.6960829973220826
0.6553719973564148
0.7316969871520996
0.6961330103874207
0.697246994972229
0.7223359942436218
0.721776008605957
0.7678259944915772
0.7641550087928772
0.6576980113983154
0.745476999282837
0.7032049918174743
0.6842219805717469
0.6620240068435669
0.767878999710083
0.6481020188331604
0.7046020078659058
0.6535410022735596
0.8015569877624512
0.7519629955291748
0.6610290074348449
0.7171649956703186
0.7559810066223145
0.7668639922142029
0.7058729910850525
0.799578001499176
0.7726179957389832
0.8056119990348816
0.6934230065345764
0.7402089953422546
0.7945290207862854
0.6970830011367798
0.635146005153656
0.6686029958724976
0.6353729963302612
0.6878700065612793
0.643444013595581
0.6817660045623779
0.6765189886093139
0.6556230020523072
0.670738000869751
0.6434809947013855
0.6573150014877319
0.7232370018959046
0.6621900081634522
0.6601310062408448
0.6583230018615722
0.6609410166740417
0.6555090093612671
0.7138849973678589
0.663524022102356
0.6624089980125427
0.8202529954910278
0.6841059947013854
0.6621869969367981
0.6671110010147094
0.8306299924850464
0.7542829990386963
0.8098210096359253
0.8982849669456482
0.9968489861488342
0.8551960015296936
0.6667449951171875
0.8666159844398499
0.8505220055580139
0.6929879999160766
0.6587860083580017
0.7081049942970276
0.74848299741745
0.7324000024795532
0.7384820103645324
0.7696299910545349
0.8000679874420166
0.717876000404358
0.8559870028495788
0.7059589982032776
0.8731849980354309
0.8279600024223328
0.8463730049133301
0.818123996257782
0.7876119923591614
0.7168940019607544
0.8397269964218139
1.0820459938049316
0.7549280047416687
0.6761790060997009
0.6982880020141602
1.0151180052757263
0.7545550084114074
0.7453229784965515
0.669244019985199
0.6865379977226257
0.7121939921379089
0.7173649930953979
0.7193199944496155
0.7635799932479859
0.8790470051765442
0.8013019990921021
0.8653299999237061
0.7980520129203796
0.8793260002136231
0.8707210183143616
0.7336020064353943
0.9245950102806091
0.937756986618042
0.9083859968185425
0.7187650227546691
0.9037769794464111
0.7110619878768921
0.8027520132064819
0.9715310072898865
0.9417410063743591
0.7919840121269226
0.8248650097846985
0.7933420157432556
0.7760920000076293
0.8393140149116516
0.9091940021514893
0.7432719898223877
0.7170189952850342
0.7448469996452332
0.7102519965171814
0.697454993724823
0.6954609942436218
0.7613590097427368
0.7046970057487488
0.7109499979019165
0.73030100107193
0.7501270031929016
0.7384469985961915
0.7431050062179565
0.6909429931640625
0.7072840070724488
0.6988740038871765
0.7054009914398194
0.7476899957656861
0.7514109969139099
0.723487982749939
0.7642609977722168
0.9001780033111573
0.9529959845542908
0.9512630081176758
0.8621569991111755
0.9741369962692261
0.9043670082092286
0.8565109992027282
0.8974150061607361
0.9935359954833984
0.7541499972343445
0.7581169891357422
0.781117000579834
0.8124889922142029
0.9275189900398254
0.932576994895935
0.8098159956932068
0.7469789958000184
0.744308021068573
0.8903339958190918
0.7684989976882934
0.7221940088272095
0.9170879864692688
0.7352459979057312
0.8702989935874939
0.8203220057487488
0.7579640007019043
0.9270440077781678
0.9466919994354248
0.7966509985923768
0.8414829969406128
0.8162550020217896
0.9363260006904602
0.751141996383667
0.8137650179862976
0.8042529940605163
0.8125600004196167
1.000326988697052
0.7311930060386658
1.0911780023574829
0.9656470131874084
0.7983029913902283
0.9203439903259277
0.8056200003623962
0.9075370049476623
1.0583769845962525
0.9936880040168762
0.8073539853096008
0.7949869823455811
0.8762529945373535
0.8268200039863587
0.9012420058250428
0.8775640177726746
0.8426440191268921
0.8876429963111877
1.0374349904060365
1.1273889970779418
0.7813889813423157
0.8870420145988465
0.8521499967575074
0.7786579966545105
0.8622210001945496
0.8724339962005615
0.7553809928894043
0.7750699949264527
0.7394600176811218
0.7348559999465942
0.7769780111312866
0.7442110180854797
0.7702659940719605
0.8472150039672851
0.7916439867019653
0.8693239998817444
0.7921979832649231
0.7843819880485534
0.7748909974098206
0.7887659931182861
1.009943997859955
0.9270600032806396
0.9320699906349182
0.9629969906806946
1.0098710107803344
0.7794759893417358
0.8691329979896545
0.9847699761390686
0.9931360101699829
0.8382359910011291
1.0890770077705383
0.9628090071678161
0.860094006061554
0.9092829990386962
0.8399499917030334
0.7951270008087158
0.806261978149414
0.9486639952659607
0.861092004776001
0.926231997013092
0.9103160190582276
1.077876992225647
0.8634340000152588
0.8315499997138978
0.8262899875640869
0.8133360123634339
0.906148009300232
0.9782229781150817
0.7903859949111939
0.96989501953125
0.9409960007667542
0.8016830086708069
0.9052019762992859
0.811378002166748
0.8858310151100158
0.8661649918556213
0.8391700100898742
0.952506000995636
0.9247769975662231
0.9315599989891052
0.9766619849205017
1.0395269727706908
1.1182729935646056
1.017086980342865
0.9232610034942627
0.8570210075378418
0.8570259976387024
0.9542740035057068
0.8602630066871643
0.8239840054512024
0.9113959908485413
0.8478509950637817
0.8479460120201111
0.7868920111656189
0.8375830078125
0.8978990149497986
1.0794900012016297
1.0890950059890747
0.7994589829444885
0.8426099920272827
0.8233950018882752
0.8024729895591736
0.8163450050354004
0.7736849975585938
0.828066999912262
0.8204610061645508
0.8274699926376343
0.8382469940185547
0.9470570111274719
1.156595995426178
0.8104160070419312
0.8465350079536438
0.8299240088462829
0.8212080025672912
0.8670719957351685
0.9477450108528137
1.093108992576599
1.1329810047149658
0.9682319927215576
0.8885759925842285
0.9416540145874024
0.7801040101051331
0.8629519963264465
0.9530819988250733
0.9589199995994568
0.9663290143013
1.0554810118675233
1.1010780000686646
0.9404470014572144
0.9769680118560791
0.854974992275238
0.8953090000152588
0.9268459939956665
0.8838510203361511
0.8893269920349121
0.906218991279602
0.936682002544403
0.8477370047569275
0.8615549969673156
1.1509330081939697
1.023882999420166
1.1419840002059936
0.936795997619629
0.9390619945526123
0.8252930116653442
0.9035289978981018
1.0111559963226318
0.8629390048980713
1.028961992263794
1.0356180000305175
1.1044900012016297
0.8960829997062683
1.051177999973297
0.881143000125885
1.1338710188865662
1.0243199968338013
1.02368901014328
0.8995499897003174
0.9055979943275452
1.116974003314972
0.9034749913215637
0.9286010003089905
0.9083389925956726
0.9028389978408814
0.9160759806632995
0.8654879927635193
0.9521729946136475
1.1406710052490234
1.009350004196167
0.8384439873695374
0.8564289808273315
0.8353719997406006
0.8295110034942627
0.8406200003623963
0.8808669972419739
0.8739450025558472
0.8539820051193238
0.8506740021705628
0.8940340089797973
0.8987659978866577
0.8986679887771607
0.9260019969940185
0.8923929953575134
0.8603099942207336
0.9201499795913697
0.8963600015640258
0.8963430094718933
1.1509490013122559
1.016317994594574
1.0205659866333008
0.9290220046043396
0.9971100068092347
1.0549230098724365
1.2791170024871825
0.9422350025177002
0.9832519888877869
0.9312190008163452
1.0820179867744446
0.8984209942817688
0.9202859997749329
1.04944100856781
1.027820007801056
1.126818013191223
1.07074401140213
1.0065169978141784
0.978180000782013
0.96515300989151
0.9813760042190551
0.9213439989089965
1.0351259875297547
1.0618339848518372
1.0424459862709046
0.9738289976119995
0.9537520122528076
0.8893459892272949
0.9717120003700256
0.8864420080184936
0.9652659964561462
1.043370018005371
1.1597729802131653
1.375078992843628
0.9317160105705261
1.1518739867210388
1.12628799200058
1.1326989912986756
1.031353018283844
0.9774019837379455
1.001479015350342
0.9750409960746765
1.1530619978904724
1.0248979997634888
1.103458013534546
1.288398995399475
1.1231209897994996
0.9417099952697754
1.056595015525818
0.9306449961662292
1.0495280027389526
0.9346429872512817
0.889069983959198
0.8767869853973389
0.9435939955711364
0.9773109912872314
0.9336260104179382
0.9034350061416626
0.9402680039405823
0.9128730130195618
0.9298110008239746
0.9093149971961975
0.9411220097541809
0.8979969978332519
0.9062159967422485
0.9063139963150024
0.9626449966430664
0.9305220055580139
0.9594569897651672
0.9578300023078918
0.9989549922943115
1.0724990153312683
1.0819069981575011
1.3439950156211853
0.9949579977989197
0.9891609907150268
1.011395993232727
0.9645769929885865
0.9609060168266297
1.0689890122413634
0.9469289970397949
1.1248489928245544
1.2272279906272887
1.132064986228943
1.1399530148506165
0.952702009677887
1.0187379956245421
1.023868010044098
0.9481729912757874
1.1629489970207214
1.3353009963035583
1.0899750208854675
1.2174660086631774
1.2876480174064637
1.114026997089386
1.0084940123558044
0.9551769948005676
1.1154149961471558
1.032679009437561
1.225799994468689
1.1773209714889525
1.1825800013542176
1.0473089933395385
1.0317099928855895
1.2324059987068177
0.9964750146865845
1.0996650075912475
0.973175003528595
1.032976996898651
1.0813329911231995
1.0257420086860656
1.0669760036468505
1.2006749987602234
1.2984470081329347
1.3612519907951355
0.9138219928741456
0.9755119872093201
0.9559579968452454
1.0295329928398131
0.9410700058937073
0.9890019917488098
0.9900150084495545
1.0570319867134095
1.1176840138435364
1.0419020104408263
1.0067890071868897
0.9735640168190003
0.9516029977798461
0.9942319846153259
0.9475829887390137
1.100505998134613
1.0793370032310485
1.2557299971580504
1.1908250117301942
1.1438350009918212
1.4622770023345948
1.347813982963562
1.2490650129318237
1.0283110022544861
1.0580230045318604
1.0576270008087159
1.0547790050506591
1.037381000518799
1.0617680048942566
1.1460870099067688
1.2275640058517456
1.111826012134552
1.104062991142273
1.045857970714569
1.1326319885253906
1.0920670199394227
1.1955859923362733
1.223403012752533
1.1334050035476684
1.3362459921836853
1.0461740016937255
1.0127780032157898
1.0095080041885376
1.2156289887428284
1.0829270100593567
1.0727950072288512
1.3145099830627442
1.127116003036499
1.2919110083580017
1.2101590061187744
1.1040379858016969
1.044289002418518
1.1021570086479187
1.2086589932441711
1.1133970022201538
0.9997600126266479
1.2715069913864137
1.1924400019645691
1.1338030004501343
1.1459800124168396
1.0650690174102784
1.2731569957733155
1.0762370133399963
1.157148003578186
1.0336509990692138
1.039488010406494
1.0451989984512329
1.0340680193901062
1.0404330039024352
1.0611680221557618
1.063265016078949
1.1015419960021973
1.070146005153656
1.0394730043411256
1.1597840189933777
1.076196985244751
1.0816359806060791
1.0082399988174437
1.2432080006599426
1.0681949949264526
1.0979880023002624
1.1778359889984131
1.2077519941329955
1.1293639755249023
1.1288839960098267
1.0907719802856446
1.1031869983673095
1.267832989692688
1.0770089745521545
1.3223309993743897
1.5845920062065124
1.433171989917755
1.6159660005569458
1.3553189849853515
1.399759006500244
1.1273999857902526
1.2539660024642945
1.2662680053710937
1.0711390018463134
1.1062009954452514
1.0856139993667602
1.0540879964828491
1.1937130069732667
1.347470998764038
1.4268759989738464
1.3484610080718995
1.1631449890136718
1.1043470048904418
1.3201259994506835
1.3889320135116576
1.1160869956016541
1.1739740085601806
1.2729449939727784
1.3800389790534973
1.1676390075683594
1.1611680006980896
1.1538789892196655
1.147313005924225
1.2951250076293945
1.3257240104675292
1.3108299994468688
1.143387997150421
1.1442929911613464
1.0796689796447754
1.0856709957122803
1.147195019721985
1.185927004814148
1.1445550060272216
1.1041600131988525
1.1561020159721374
1.2100120067596436
1.1814070177078246
1.1248670101165772
1.1812210178375244
1.1661660075187683
1.1651070022583008
1.2388369989395143
1.1419119930267334
1.1353370070457458
1.1705720162391662
1.3815480041503907
1.7392680001258851
1.4362409925460815
1.5302579855918885
1.2186270093917846
1.2741559958457946
1.3004089951515199
1.3384569931030272
1.6735240054130553
1.5374969959259033
1.5551689958572388
1.295106987953186
1.1569549894332887
1.4055159926414489
1.472391002178192
1.4560559868812561
1.5804089951515197
1.2106920099258422
1.1664530086517333
1.2389029932022095
1.2089739871025085
1.3592619943618773
1.298885006904602
1.348708987236023
1.30661598443985
1.2272879981994629
1.1900749921798706
1.1059990096092225
1.3134280014038087
1.18468998670578
1.2996620011329652
1.209676012992859
1.2020390009880066
1.3730599975585938
1.1897409963607788
1.1415339922904968
1.225662009716034
1.2301449966430664
1.2397599983215333
1.1403510117530822
1.1069339799880982
1.1578080248832703
1.1888680028915406
1.1156600046157836
1.0813009977340697
1.1238920140266417
1.1500389933586121
1.121987020969391
1.1038900089263917
1.1886400175094605
1.0594220089912414
1.1494750046730042
1.2165339970588684
1.1360639929771423
1.2012250018119812
1.1095430111885072
1.3496030116081237
1.3947210001945496
1.2914640069007874
1.2102500009536743
1.2290270018577576
1.1954170179367065
1.2393419909477235
1.1661109805107117
1.4253469967842103
1.1920190167427063
1.2788609838485718
1.251470000743866
1.1966869997978211
1.2857490062713623
1.4281080079078674
1.4224020147323608
1.1142169976234435
1.299573998451233
1.2816669964790344
1.3542139840126037
1.2886340069770812
1.3109299850463867
1.3179110097885132
1.413392996788025
1.2645909905433654
1.431510989665985
1.116351010799408
1.4053110074996948
1.2314459872245789
1.2856240057945252
1.2761170053482056
1.1831329989433288
1.3080340003967286
1.1992549991607666
1.3484850096702576
1.2957610011100769
1.570914981365204
1.312677013874054
1.143070993423462
1.1761349868774413
1.203160994052887
1.2693429851531983
1.1131889891624451
1.1387770080566406
1.0964980030059814
1.1467900085449219
1.0965969848632813
1.1146630096435546
1.0731239891052247
1.629755003452301
1.3338750076293946
1.171157991886139
1.2194479990005493
1.3489469957351685
1.2812270164489745
1.4993669939041139
1.409987998008728
1.6200930070877075
1.1919320106506348
1.208948004245758
1.3584049916267396
1.5232709980010986
1.329805006980896
1.385460000038147
1.2100920033454896
1.2614550065994263
1.2315150117874145
1.3616200113296508
1.490539996623993
1.2455489945411682
1.3896800017356872
1.3949379968643187
1.2721759939193726
1.1669760036468506
1.2768279886245728
1.1377860069274903
1.21134699344635
1.3956900095939637
1.420625
1.2665389895439148
1.1940220141410827
1.536846001148224
1.290094006061554
1.233057997226715
1.153878002166748
1.3420800065994263
1.2003799986839294
1.420164999961853
1.2683450031280517
1.2061100006103516
1.1450079822540282
1.1612590074539184
1.1665810179710387
1.1714989972114562
1.149994010925293
1.2055359888076782
1.1467530059814453
1.1245260119438172
1.1435780119895935
1.181185986995697
1.2792050051689148
1.2008189964294433
1.274819984436035
1.2128569889068603
1.2805690050125123
1.2327600121498108
1.4588130187988282
1.4138539910316468
1.3347210025787353
1.298884997367859
1.1522589921951294
1.2591839981079103
1.3573880219459533
1.4694370007514954
1.1640739989280702
1.325840001106262
1.31594300031662
1.2239319920539855
1.2201970052719116
1.4778829884529114
1.4571540069580078
1.3411390042304994
1.9882179999351501
1.173039004802704
1.3928330087661742
1.2057410049438477
1.414154987335205
1.2593360042572022
1.3403540062904358
1.4221110033988953
1.4111729764938354
1.4953499937057495
1.2089390063285828
1.288210985660553
1.3501490116119386
1.29359699010849
1.6274899959564209
1.6528770017623902
1.72537499666214
1.4533000087738037
1.4975510025024414
1.2692399907112122
1.203455994129181
1.1920680069923402
1.2406149864196778
1.1873500061035156
1.1377330040931701
1.2172040128707886
1.1647169923782348
1.238904001712799
1.229067018032074
1.186093988418579
1.2553280091285706
1.2033390021324157
1.2676339888572692
1.3402569961547852
1.5076980209350586
1.3534209942817688
1.4098819851875306
1.2641039896011352
1.5295580124855042
1.2056620073318483
1.2721300029754639
1.6511789989471435
1.5434699869155883
1.3126080060005187
1.2897770047187804
1.3428179931640625
1.3859660005569459
1.4758019828796387
1.621462996006012
1.6036180090904235
1.4244869828224183
1.2971729969978332
1.5077279996871948
1.3862319898605346
1.4912389922142029
1.4761299991607666
1.4800509858131408
1.5024420070648192
1.4295150113105775
1.5836920046806335
1.3693859839439393
1.3543950080871583
1.413118007183075
1.1630320000648497
1.2834780144691467
1.3942809867858887
1.4387990045547485
1.429116997718811
1.3696190047264098
1.2755470037460328
1.247333016395569
1.2015449905395508
1.1962259912490845
1.271989004611969
1.1933010053634643
1.2103730130195618
1.239094009399414
1.295615017414093
1.3280599904060364
1.3420359921455383
1.2864379787445068
1.3341940021514893
1.6676799964904785
1.426181011199951
1.3733429908752441
1.4573750138282775
1.3078770089149474
1.3000589990615845
1.25893000125885
1.529905993938446
1.2660470128059387
1.5986980080604554
1.4663689851760864
1.4588240027427672
1.406970009803772
1.3649919962882995
1.3343760013580321
1.3234529972076416
1.6687369894981385
1.328487014770508
1.3450120210647583
1.3747139859199524
1.4641679978370667
1.4820320057868956
1.4781120109558106
1.2292860102653504
1.337675986289978
1.5184940099716187
1.772781982421875
1.2866220140457154
1.3179310083389282
1.412011992931366
1.5385310006141664
1.3351770091056823
1.3026659870147705
1.2697230052947999
1.565045006275177
1.5645040035247804
1.301070008277893
1.249908001422882
1.3568249917030335
1.2919280099868775
1.1592809963226318
1.3456340098381043
1.2330449891090394
1.2435709929466248