0.001998000741004944
0.0016389977931976318
0.0007429975271224976
0.0005880028009414672
0.0006050002574920654
0.0006290012598037719
0.000596998929977417
0.0006979978084564208
0.0008360058069229126
0.001029001474380493
0.00017099618911743165
0.0002440035343170166
0.0002150040864944458
0.00036499857902526855
0.00019399821758270264
0.0006630003452301025
0.0002170020341873169
0.00021699845790863038
0.00020400166511535644
0.00034200310707092283
0.0002409970760345459
0.0002340036630630493
0.00024899959564208987
0.0002869945764541626
0.0003539979457855225
0.00026700377464294433
0.00021499574184417726
0.0002600038051605225
0.00027399659156799314
0.0002490013837814331
0.0002520012855529785
0.00032799720764160157
0.00033500134944915773
0.00044999778270721436
0.00035400569438934324
0.00036900103092193606
0.00035799741744995116
0.0003380024433135986
0.0004279989004135132
0.0003540003299713135
0.0003979986906051636
0.0003560000658035278
0.0003619992733001709
0.0003960001468658447
0.0004120057821273804
0.0003539979457855225
0.0003709995746612549
0.0003790038824081421
0.00045000314712524415
0.0004089975357055664
0.00025999486446380614
0.0003670006990432739
0.00029100000858306885
0.0003600060939788818
0.0003739941120147705
0.00033300280570983885
0.00047499895095825194
0.0003950011730194092
0.00036499738693237307
0.0005990034341812134
0.00042699873447418215
0.00043700277805328367
0.0007039999961853027
0.0004059982299804688
0.000588001012802124
0.0004649984836578369
0.00048599541187286375
0.0004750001430511475
0.0005189996957778931
0.0006590020656585693
0.00046700000762939453
0.0011149942874908447
0.00046300113201141357
0.0004680001735687256
0.00043400228023529055
0.000466998815536499
0.0005140030384063721
0.000517004132270813
0.0005140024423599244
0.0004949980974197388
0.0005099976062774658
0.000587005615234375
0.00038299500942230225
0.00042600095272064207
0.0008309990167617798
0.000494999885559082
0.0004600030183792114
0.0004619961977005005
0.0005770003795623779
0.0004300016164779663
0.0007260000705718994
0.00046900033950805667
0.0005030018091201782
0.0008049964904785156
0.0005349963903427124
0.00048599958419799806
0.0005540013313293457
0.0008040010929107666
0.000749003291130066
0.00039800047874450684
0.00037099838256835936
0.00032200336456298826
0.0004820019006729126
0.0005219954252243042
0.0004539966583251953
0.00045599818229675294
0.0005359959602355957
0.0005540013313293457
0.0005410033464431763
0.0005800020694732666
0.0006059998273849487
0.0005709987878799439
0.0005860000848770142
0.0006120038032531738
0.0005399978160858154
0.0005130022764205933
0.0006290030479431152
0.0005160045623779297
0.0005640017986297607
0.000625
0.000537002682685852
0.0005290013551712036
0.0005900037288665772
0.0005679982900619507
0.0005740004777908325
0.0006000053882598877
0.0005289977788925171
0.0005509984493255615
0.0010040092468261718
0.0011560064554214477
0.0006819975376129151
0.0010430020093917846
0.0009609997272491455
0.0006730037927627563
0.0005929958820343017
0.0005999994277954101
0.001697002649307251
0.000964002013206482
0.0006639993190765381
0.0011609983444213867
0.0006450033187866211
0.000784003734588623
0.001383998990058899
0.0009530043601989746
0.000572999119758606
0.0014100033044815064
0.0006219971179962158
0.0008220028877258301
0.0007149976491928101
0.0005959969758987427
0.0005860000848770142
0.0005840015411376953
0.000722002387046814
0.0007430022954940796
0.0006970030069351197
0.0006770020723342895
0.000615999698638916
0.0005939984321594238
0.000922999382019043
0.000578000545501709
0.0006419986486434937
0.0006569963693618774
0.000733000636100769
0.0006799972057342529
0.0006690019369125366
0.0005920016765594482
0.0006719976663589478
0.0006310009956359864
0.0011399996280670166
0.0005249989032745362
0.0007420015335083007
0.0007560014724731446
0.0006609964370727539
0.001098001003265381
0.0006809985637664795
0.0009229952096939087
0.0007469987869262695
0.00125299870967865
0.001153998374938965
0.0006910014152526855
0.0010610014200210572
0.0006410008668899536
0.0006820052862167358
0.0011460041999816894
0.0006950020790100098
0.0006860041618347168
0.0007210052013397216
0.0008270031213760376
0.0007610034942626953
0.0009399986267089843
0.0006559979915618896
0.0010400021076202393
0.0007139945030212402
0.0006200015544891357
0.0006989991664886475
0.0007310009002685547
0.0006930023431777954
0.0005779951810836792
0.000606003999710083
0.0006330013275146484
0.0006590020656585693
0.0006900036334991455
0.0005930030345916748
0.0006200021505355835
0.0006639981269836426
0.0006569993495941163
0.0006510001420974731
0.0007149964570999145
0.000675002932548523
0.0007020032405853271
0.0006889975070953369
0.0006980019807815552
0.0006749975681304932
0.0006690007448196411
0.0006740027666091919
0.0006700015068054199
0.0006719970703125
0.0006720054149627685
0.0006889998912811279
0.0006579995155334472
0.0010049951076507569
0.0006820017099380493
0.0007129979133605958
0.0007159966230392456
0.0012759995460510255
0.0007079976797103882
0.0007069981098175048
0.0006969976425170899
0.0007740002870559692
0.0008750015497207642
0.0010370004177093506
0.0006499969959259033
0.000896000862121582
0.0006680059432983399
0.0006799983978271484
0.001016000509262085
0.0006640011072158814
0.0006500005722045899
0.0007350027561187744
0.0007119989395141602
0.0006740009784698487
0.0011929988861083985
0.000728001594543457
0.0007760059833526611
0.0007579970359802246
0.0007409989833831787
0.0006699997186660766
0.0013849949836730957
0.0007320016622543335
0.0006700003147125244
0.0007479965686798095
0.0007289987802505493
0.0007019942998886109
0.0010979986190795899
0.0007150018215179443
0.0007239949703216553
0.0007670015096664428
0.0007540005445480347
0.0007740026712417603
0.0007739979028701783
0.0007809984683990478
0.0007789987325668335
0.0007409977912902832
0.0011720001697540284
0.0007869982719421386
0.0007810002565383911
0.0007589989900588989
0.0007280069589614868
0.0008149969577789306
0.0007490020990371704
0.000824999213218689
0.0006939995288848876
0.0007670027017593384
0.0007109993696212769
0.0008009982109069824
0.0007179963588714599
0.0007969993352890015
0.0007419979572296142
0.0007680010795593262
0.0007330012321472168
0.0008010011911392212
0.000750001072883606
0.0007219994068145752
0.000751996636390686
0.0007360029220581055
0.0008160024881362915
0.0007499992847442627
0.0007250034809112549
0.0013330018520355225
0.0007580000162124633
0.0007629984617233276
0.0008560001850128173
0.0007399982213973999
0.0010050010681152343
0.0012170028686523436
0.0007249987125396728
0.0007289975881576538
0.0007580006122589111
0.0007179993391036988
0.0006690031290054321
0.0007499986886978149
0.0008179974555969238
0.0008559978008270264
0.0007770001888275146
0.0008949971199035644
0.0007430005073547363
0.0008070015907287598
0.0011389964818954467
0.0007659989595413208
0.0013560020923614501
0.0008180004358291626
0.0007730025053024292
0.0008129960298538208
0.0008400005102157593
0.0009880018234252929
0.0007889980077743531
0.0008400005102157593
0.0008410000801086425
0.0008599960803985596
0.0008260011672973633
0.0008320015668869019
0.0008369964361190796
0.0008509975671768189
0.0009119927883148194
0.001051000952720642
0.0008669978380203247
0.0008720016479492188
0.000938001275062561
0.0007280009984970093
0.0007470017671585083
0.000810999870300293
0.0006959986686706543
0.0007559978961944581
0.0007659965753555298
0.0008130013942718506
0.0008120018243789672
0.0008390027284622192
0.0008629977703094483
0.0008250033855438233
0.0007969987392425537
0.0009190058708190918
0.0008509993553161621
0.0008230018615722656
0.0008719968795776367
0.0008369994163513184
0.0008499985933303833
0.0009669995307922363
0.0008479994535446167
0.0008420002460479736
0.0009320026636123657
0.0008409994840621948
0.0008620011806488037
0.0008320063352584839
0.0008600026369094849
0.0009360021352767944
0.0008819985389709472
0.0008370041847229004
0.0008659982681274415
0.0008899968862533569
0.000887000560760498
0.0008579981327056885
0.0008289986848831177
0.0008450025320053101
0.0008289945125579834
0.0008930015563964844
0.0008509969711303711
0.0009370023012161255
0.000895003080368042
0.0008809983730316163
0.0009170037508010865
0.0008840006589889526
0.0009349977970123291
0.0008729982376098633
0.0008559978008270264
0.0009150052070617676
0.0008840006589889526
0.0008749979734420777
0.0008759957551956177
0.0008519977331161499
0.0008540016412734986
0.0009140002727508544
0.0008819997310638428
0.0010159969329833984
0.0008660012483596802
0.0008499974012374878
0.0009829992055892945
0.0008929979801177979
0.0009430009126663208
0.000955001711845398
0.000845000147819519
0.0008870023488998413
0.0010079985857009888
0.0008939993381500244
0.0009239983558654786
0.0007290047407150269
0.0007659953832626343
0.0007490038871765137
0.0007349973917007446
0.0008070003986358642
0.0009049993753433228
0.0008520013093948364
0.0008430016040802002
0.0008910006284713745
0.001058998703956604
0.0008499991893768311
0.0007990056276321411
0.000863998532295227
0.0009520024061203003
0.0008840018510818482
0.0009249985218048095
0.0008980000019073487
0.0009010016918182373
0.0008880001306533814
0.0008670008182525635
0.0009870016574859619
0.0008619964122772217
0.0008930015563964844
0.0009210008382797241
0.0008859992027282715
0.0009129959344863892
0.0008949971199035644
0.0009520012140274048
0.0009110009670257568
0.0008699953556060791
0.0009390020370483399
0.0009499984979629517
0.0008890050649642945
0.0008309948444366455
0.0008339983224868774
0.000845000147819519
0.0011489999294281006
0.0009330004453659057
0.000935998558998108
0.0009529989957809448
0.0010150015354156495
0.0009130001068115235
0.0009279972314834594
0.000960996150970459
0.000905994176864624
0.000928000807762146
0.0009330040216445922
0.0010399967432022095
0.0009829968214035035
0.0009010004997253418
0.0008920037746429443
0.0010070043802261352
0.000905998945236206
0.0009300029277801514
0.0009099996089935303
0.0009720003604888915
0.000959998369216919
0.000923992395401001
0.0009599953889846801
0.0008849984407424926
0.0009810012578964234
0.0010459977388381958
0.000992998480796814
0.0009680026769638061
0.0009649962186813355
0.0008430004119873047
0.0008530002832412719
0.0008760017156600953
0.0008130061626434326
0.0009019958972930908
0.0009019982814788819
0.0009200036525726319
0.0008690011501312256
0.000921996831893921
0.0009970009326934815
0.0009510034322738648
0.0009240001440048218
0.0010070019960403442
0.0009679967164993287
0.0009680026769638061
0.0010190010070800781
0.0009770023822784424
0.0009169971942901611
0.0009579992294311523
0.0009440004825592041
0.0009359967708587647
0.000987999439239502
0.0009629994630813599
0.0009899973869323731
0.0011180007457733154
0.0009380054473876954
0.0009410005807876587
0.0009640002250671387
0.0009719997644424439
0.0010049992799758911
0.0009490007162094116
0.0009799998998641967
0.0009909999370574952
0.00104999840259552
0.0009319978952407837
0.0009070026874542236
0.0010330069065093994
0.0009950006008148193
0.0010000067949295045
0.0009309977293014526
0.0008850032091140747
0.001071999669075012
0.0010289990901947022
0.0009510058164596557
0.0009829968214035035
0.000982005000114441
0.0009569984674453736
0.0010130012035369873
0.0009380072355270386
0.0009800004959106445
0.000974000096321106
0.0009429997205734253
0.0009690004587173461
0.001013001799583435
0.000991997718811035
0.0009890061616897583
0.0009889978170394898
0.0009709995985031128
0.0009980040788650512
0.0010259974002838135
0.001109001636505127
0.0010639989376068114
0.0010059946775436402
0.0010419970750808717
0.0009950059652328491
0.0009959977865219116
0.0009140056371688842
0.0010599976778030396
0.0010170000791549683
0.0009499943256378174
0.001052003502845764
0.0009809988737106323
0.0009409970045089721
0.001025998592376709
0.0009759986400604249
0.0010620027780532837
0.0010280001163482666
0.0010219955444335938
0.0010339993238449097
0.0009889978170394898
0.0010490000247955322
0.0010010027885437012
0.0009680044651031494
0.000985000729560852
0.0009859991073608398
0.0010849970579147339
0.0010189968347549439
0.0011240029335021972
0.0009130042791366577
0.001068001389503479
0.0009889990091323853
0.0010060030221939087
0.0010479986667633057
0.001040005087852478
0.0009439998865127564
0.0010559964179992676
0.0009829968214035035
0.0009729981422424317
0.0010469961166381836
0.0008890038728713989
0.001082998514175415
0.0009300029277801514
0.0009879964590072633
0.0009980028867721557
0.0009939980506896973
0.0009530055522918702
0.0009749984741210938
0.0011070001125335694
0.0009990012645721435
0.0009750008583068847
0.0009999996423721313
0.0010449975728988648
0.0015330022573471068
0.0009950006008148193
0.0010500001907348634
0.0010269975662231445
0.0012080037593841552
0.0009709924459457397
0.0010259997844696044
0.0011509984731674194
0.0009810006618499755
0.000990002751350403
0.0010349977016448975
0.0009400010108947754
0.0010600030422210694
0.0009669977426528931
0.0010140007734298706
0.001030004620552063
0.0010190039873123169
0.0010040032863616944
0.0010540014505386352
0.001045006513595581
0.0009700018167495728
0.001117001175880432
0.0009100013971328736
0.001013001799583435
0.0009520024061203003
0.001027998924255371
0.0010069984197616578
0.0009659981727600098
0.001115993857383728
0.0010409975051879883
0.0009719979763031006
0.0010719972848892213
0.001051000952720642
0.0010219967365264892
0.0013559991121292114
0.0010620003938674927
0.0009970021247863768
0.0010039985179901123
0.0012120038270950317
0.0010769969224929809
0.001047998070716858
0.0009710049629211426
0.001054002046585083
0.001056002974510193
0.0010259991884231567
0.0010299980640411377
0.001021001935005188
0.001059001088142395
0.00236200213432312
0.0010219985246658326
0.0010380005836486815
0.001088997721672058
0.0009410023689270019
0.000960996150970459
0.0010010021924972533
0.0009540015459060669
0.0010860013961791993
0.0010120022296905519
0.0012830042839050294
0.001122003197669983
0.0010570013523101807
0.0010779941082000733
0.0010760021209716797
0.0010010010004043578
0.0010020077228546143
0.0010119986534118653
0.001044999361038208
0.001031997799873352
0.0011139994859695435
0.0009970021247863768
0.0010469979047775268
0.0009920018911361694
0.0011140012741088867
0.0009929990768432616
0.0011259990930557252
0.0010379993915557862
0.0010780060291290282
0.0010420000553131104
0.0010240042209625243
0.0010110020637512207
0.0010570007562637328
0.0010310041904449463
0.0013269990682601928
0.001080999970436096
0.0009879982471466065
0.0008730018138885499
0.0009559965133666992
0.0010229986906051636
0.0009790015220642089
0.0009390020370483399
0.0012429982423782348
0.0009440058469772339
0.0010010015964508057
0.0010900038480758667
0.0010540026426315307
0.001040000319480896
0.0009970003366470337
0.001034001111984253
0.0010270011425018311
0.0010229986906051636
0.001154000163078308
0.001004003882408142
0.0009869992733001708
0.000978003144264221
0.0010740000009536743
0.001044999361038208
0.0010279929637908936
0.0010210037231445312
0.0013199979066848755
0.0011779993772506713
0.001155000925064087
0.0011539995670318604
0.0011350011825561523
0.001096998453140259
0.0010549962520599366
0.00102899968624115
0.0010610026121139525
0.0012069976329803468
0.0010230040550231934
0.0009920018911361694
0.0010379981994628907
0.0010199981927871704
0.0010209989547729492
0.0010520017147064209
0.0009839987754821776
0.0010469979047775268
0.0011029988527297974
0.0010820060968399047
0.0011130005121231079
0.0011449998617172241
0.0010509991645812988
0.0010950005054473878
0.001047002077102661
0.001056998372077942
0.0010090005397796632
0.0011209988594055177
0.0010409986972808839
0.0010869961977005005
0.0012280011177062988
0.0010979974269866943
0.0010619950294494629
0.0010450005531311036
0.0010169988870620727
0.00111500084400177
0.001059001088142395
0.001236998438835144
0.0010510045289993286
0.0010339993238449097
0.0019230055809020996
0.0011109936237335206
0.001147998571395874
0.001238000988960266
0.001045999526977539
0.0011659997701644897
0.001109999418258667
0.0010520005226135254
0.001082998514175415
0.001057003140449524
0.0013599997758865355
0.0011330050230026244
0.0010629940032958985
0.0010620009899139403
0.0012110030651092528
0.0010710018873214722
0.0010279953479766847
0.0010459983348846435
0.001077004075050354
0.0010470038652420045
0.0010769999027252198
0.0011509943008422851
0.0010259997844696044
0.0010279941558837891
0.0011109989881515504
0.0010840004682540893
0.0010459983348846435
0.0010659992694854736
0.001023004651069641
0.0010039991140365601
0.0010669994354248046
0.0010939985513687134
0.0011049985885620117
0.0010420042276382446
0.0011170059442520142
0.0010390043258666991
0.0012370026111602783
0.0012989985942840577
0.0010479998588562012
0.001146000027656555
0.0011349987983703613
0.000987999439239502
0.0010660016536712647
0.001079997420310974
0.0010799986124038696
0.0010580039024353028
0.0010239958763122558
0.0011340063810348511
0.0011460053920745849
0.0010820037126541137
0.0011149978637695313
0.001167999505996704
0.0011920011043548583
0.0011080002784729004
0.0011249947547912597
0.0011389940977096558
0.0010859978199005127
0.0011279988288879395
0.0010510027408599854
0.0011019963026046753
0.0010760033130645752
0.001067999005317688
0.001087997555732727
0.0010970014333724976
0.0011140012741088867
0.0010649985074996948
0.0011430031061172485
0.0010990059375762938
0.0008610057830810547
0.0009149980545043946
0.0007759946584701538
0.000922999382019043
0.0009569990634918213
0.0011149978637695313
0.0009559965133666992
0.0013420021533966065
0.0009439969062805175
0.001327003836631775
0.0009780007600784302
0.0011059975624084473
0.0009940052032470703
0.0011280018091201782
0.0010499995946884155
0.0010749971866607665
0.0010120046138763427
0.0011529982089996337
0.001254001259803772
0.0016420048475265503
0.0010779917240142823
0.001082000732421875
0.0011150014400482177
0.0011509943008422851
0.0010820001363754273
0.001160001754760742
0.0011509960889816283
0.0011840021610260009
0.001099001169204712
0.0011080020666122436
0.0011159950494766236
0.00124500572681427
0.001574994921684265
0.0010469973087310791
0.001045999526977539
0.0010689985752105713
0.0010689997673034668
0.0011359995603561401
0.0012670022249221802
0.0011189985275268555
0.001121000051498413
0.0010399961471557618
0.0010949969291687012
0.0011760008335113526
0.0011120003461837769
0.001525999903678894
0.0011349982023239136
0.0011410003900527955
0.0011230045557022094
0.001079997420310974
0.0010950005054473878
0.0012949961423873902
0.0012330025434494018
0.0011319994926452636
0.0011099982261657715
0.0011170059442520142
0.001153002381324768
0.0010590004920959474
0.0011450004577636718
0.0010780006647109984
0.0011400008201599122
0.0012070006132125855
0.0010880011320114136
0.0011320000886917115
0.0010759955644607543
0.0011709976196289064
0.0010389983654022217
0.0011389994621276856
0.001097005009651184
0.0011689996719360352
0.0010400009155273437
0.001126996874809265
0.0011119967699050903
0.001078997254371643
0.0010740011930465698
0.000976994037628174
0.001084998846054077
0.0011440056562423706
0.0011320006847381592
0.0011119955778121947
0.001079997420310974
0.0010960006713867188
0.001107001304626465
0.0010680025815963745
0.0010919994115829467
0.001138002872467041
0.0011049985885620117
0.0011350023746490479
0.0010439980030059815
0.0012089985609054566
0.001132001280784607
0.001093999147415161
0.001155000329017639
0.0011049997806549072
0.0011040043830871581
0.001204996705055237
0.0012950003147125244
0.0010590004920959474
0.0010829967260360717
0.0011290007829666139
0.0010309988260269166
0.0010879993438720702
0.0010790026187896728
0.001156998872756958
0.0010930037498474122
0.0011200034618377686
0.0011649990081787109
0.0012540090084075927
0.0011079967021942138
0.0011210006475448609
0.001079998016357422
0.001099001169204712
0.0010819965600967407
0.0011709994077682495
0.0011240053176879883
0.0010370022058486938
0.001108000874519348
0.0010729998350143433
0.0011239993572235108
0.0010949981212615967
0.0014530009031295777
0.0010979920625686646
0.0010839980840682984
0.001198001503944397
0.0011189985275268555
0.0011809992790222169
0.0011000001430511474
0.0011270022392272949
0.0011670029163360596
0.0011889982223510743
0.0011749958992004394
0.0010110008716583251
0.0010329997539520264
0.0011899977922439574
0.0010090005397796632
0.001012997031211853
0.0010609954595565795
0.0010719966888427734
0.001054999828338623
0.0011270004510879517
0.0011190032958984374
0.0011329954862594604
0.0012689989805221558
0.0012329983711242675
0.0011749976873397826
0.0010529983043670655
0.0010789990425109862
0.0011520010232925414
0.001168000102043152
0.001191996932029724
0.001193000078201294
0.0011319971084594726
0.0011290049552917481
0.0011349982023239136
0.0011850011348724365
0.0010990017652511596
0.0013739985227584838
0.001162002682685852
0.001128004789352417
0.0011759984493255615
0.0011819964647293091
0.0012420016527175904
0.0012700003385543823
0.0011620032787322998
0.0012830072641372681
0.0011069923639297485
0.0012000030279159545
0.0011620014905929566
0.0012659984827041626
0.0011850035190582276
0.0011410033702850342
0.0011040037870407105
0.0011660033464431763
0.0011459964513778687
0.0011590003967285156
0.0010879993438720702
0.001132001280784607
0.0011990010738372804
0.0012859982252120972
0.0011859977245330812
0.0010960018634796143
0.0011060017347335816
0.0014469999074935914
0.0011660003662109376
0.0011250025033950806
0.0012789958715438844
0.0011580020189285278
0.0011409968137741089
0.0012179970741271972
0.0010920000076293946
0.00120499849319458
0.0012090033292770385
0.0011339962482452392
0.0010690009593963623
0.0011430031061172485
0.0012219983339309692
0.0013279962539672853
0.0011659997701644897
0.0011160004138946534
0.0011199992895126343
0.0011180001497268677
0.0011520004272460938
0.001254996657371521
0.001161993145942688
0.0011889952421188354
0.0012459975481033325
0.0011149966716766358
0.0012149947881698608
0.0011440008878707887
0.0011739957332611085
0.0011909997463226318
0.0011230051517486573
0.0011400038003921509
0.0012029975652694703
0.001218997836112976
0.0011770033836364746
0.0011739951372146606
0.0012040078639984132
0.0011810040473937988
0.0011139971017837525
0.0017280018329620362
0.0012709945440292358
0.0013729941844940186
0.0011969977617263794
0.0011639994382858275
0.0012449991703033447
0.001121002435684204
0.0011330074071884155
0.0011629945039749146
0.0010929977893829345
0.0010960018634796143
0.0010429978370666503
0.0013109999895095825
0.0011459994316101074
0.001151999831199646
0.0013459986448287964
0.0011460041999816894
0.0011520040035247802
0.001134001612663269
0.0011130023002624513
0.0011390018463134765
0.0011649954319000245
0.001140005588531494
0.0011749988794326782
0.0011909991502761842
0.0011730003356933594
0.0012029993534088135
0.0011909979581832886
0.0011770009994506836
0.0011970007419586182
0.0011200016736984252
0.0011310017108917237
0.0011390018463134765
0.0012120044231414796
0.001187003254890442
0.0012600034475326537
0.0012290018796920776
0.001228000521659851
0.0011840051412582398
0.0011839979887008666
0.0012409991025924682
0.0012590044736862183
0.0012230002880096436
0.0011569976806640625
0.0011390000581741333
0.0012639987468719483
0.0012329983711242675
0.0011570006608963013
0.0011360019445419312
0.001145998239517212
0.0011750006675720216
0.0011569994688034057
0.0012099945545196533
0.0012150013446807861
0.0011689978837966918
0.0011240017414093017
0.0011559993028640748
0.0016429990530014039
0.001203000545501709
0.0011779987812042237
0.0011800014972686767
0.0011989933252334595
0.0011400043964385985
0.00116499662399292
0.001174001693725586
0.0011959975957870482
0.0012529975175857545
0.001153998374938965
0.0011769962310791016
0.0012200045585632324
0.0012380027770996095
0.001194000244140625
0.0015860038995742798
0.0012579995393753051
0.001205005645751953
0.0010969990491867066
0.001099001169204712
0.001153002381324768
0.0011590063571929933
0.0011820048093795776
0.0011459994316101074
0.0011709952354431153
0.0011620008945465088
0.0011939990520477295
0.0013350027799606324
0.0012270009517669678
0.0011299991607666017
0.0011989951133728027
0.001239004135131836
0.001146000027656555
0.001530001163482666
0.0011599963903427123
0.0012119996547698974
0.001223999261856079
0.0011939948797225952
0.0011740046739578246
0.0011930030584335327
0.0011830013990402222
0.0011349987983703613
0.0011219984292984008
0.0012190037965774537
0.0012350004911422729
0.0011579948663711548
0.001195000410079956
0.0011580032110214233
0.0012449991703033447
0.0012079960107803346
0.0011950010061264039
0.0011240005493164062
0.0011589968204498292
0.0010909950733184815
0.0011270058155059815
0.0010989987850189209
0.0011230045557022094
0.001132006049156189
0.0012119996547698974
0.0012460047006607057
0.0011830008029937744
0.0012229937314987183
0.0011610013246536254
0.0011959987878799438
0.001192997097969055
0.0012440019845962524
0.0012610018253326415
0.001152004599571228
0.0011569982767105102
0.0011909973621368408
0.0012380045652389527
0.0012130028009414674
0.0012209999561309814
0.0011989974975585938
0.0011699998378753662
0.0012180036306381225
0.0011989963054656982
0.0011330008506774901
0.001302005648612976
0.00122600257396698
0.0011849993467330934
0.0012410008907318116
0.0011840003728866577
0.0011849987506866455
0.0011759984493255615
0.0010930007696151732
0.001351001262664795
0.0011660009622573853
0.0011969947814941407
0.0011800014972686767
0.0013570010662078858
0.0011870020627975464
0.0011660003662109376
0.0011920052766799926
0.0011730021238327026
0.0012219971418380737
0.0011929982900619506
0.001175999641418457
0.001197003722190857
0.0011549985408782959
0.001234002709388733
0.0011990034580230712
0.0011899971961975098
0.0011409956216812134
0.0011420023441314697
0.0012240028381347657
0.0013739979267120362
0.0012249982357025147
0.0012509971857070923
0.0011890029907226562
0.0012070006132125855
0.001207999587059021
0.001195000410079956
0.0012219977378845216
0.0011650031805038451
0.0012579983472824096
0.0010129994153976441
0.00106900155544281
0.0011199969053268433
0.0012080031633377075
0.0011499929428100586
0.0010960018634796143
0.001291002631187439
0.0011150014400482177
0.0012069988250732423
0.001237000823020935
0.0013289952278137207
0.0012530004978179932
0.0012140023708343507
0.0013509970903396607
0.0014419972896575928
0.0012080001831054688
0.0011739993095397948
0.0012869983911514282
0.001145998239517212
0.0014429968595504761
0.0012790006399154663
0.0011700034141540528
0.0011980003118515015
0.0011970043182373048
0.0011579984426498414
0.0012210023403167725
0.0012160038948059082
0.0012330049276351928
0.0013240009546279907
0.001201997399330139
0.0012459981441497803
0.0012200027704238892
0.0012150001525878906
0.0011780005693435669
0.0012249970436096192
0.0012460047006607057
0.0012209928035736084
0.0011919987201690673
0.0012760001420974731
0.0012629973888397218
0.001214998960494995
0.00120699942111969
0.001264999508857727
0.0011799997091293335
0.0011890029907226562
0.001219998002052307
0.0011929994821548461
0.0012349975109100342
0.001319999098777771
0.00118300199508667
0.00123199462890625
0.0011499983072280884
0.0011630046367645263
0.0011959981918334961
0.0012279999256134032
0.0012019997835159301
0.0011790037155151368
0.001217002272605896
0.001209002137184143
0.0012190008163452148
0.0018849998712539672
0.0012660002708435058
0.0012319988012313842
0.00118499755859375
0.0012589967250823974
0.0012380027770996095
0.0011380040645599366
0.001277000904083252
0.00118399977684021
0.0011590009927749635
0.0011889994144439696
0.0011809974908828734
0.0012509989738464355
0.001173996925354004
0.0011570018529891968
0.0013349980115890502
0.001253998875617981
0.0011939972639083863
0.0012219947576522826
0.0012290030717849731
0.001093999743461609
0.001212005615234375
0.0012019985914230346
0.001213001012802124
0.0012249952554702758
0.0012459957599639893
0.0012160003185272216
0.0012129998207092284
0.0011620008945465088
0.0012119990587234498
0.0011969977617263794
0.0011919993162155152
0.0011949980258941651
0.0012540000677108765
0.001209002137184143
0.0012729978561401368
0.0012160074710845948
0.0012349927425384522
0.0012180036306381225
0.0011789995431900025
0.0012140017747879028
0.001202998161315918
0.001236998438835144
0.0012180030345916748
0.0011589986085891724
0.001261003613471985
0.0014979946613311768
0.0011700004339218139
0.001216999888420105
0.001279999017715454
0.001196998357772827
0.0012620031833648683
0.0012399959564208985
0.0012479966878890991
0.001487002968788147
0.0012439930438995362
0.0012249970436096192
0.001250002384185791
0.0013080018758773804
0.0012400025129318238
0.0013219934701919555
0.0012510037422180176
0.0011749953031539918
0.0012689977884292603
0.0011530029773712158
0.0012119954824447632
0.0012279999256134032
0.0012579959630966185
0.0012209969758987427
0.0013379967212677002
0.001276998519897461
0.0009890013933181762
0.0010330021381378175
0.0011679959297180176
0.001254999041557312
0.0011900043487548828
0.0011909961700439452
0.001211000084877014
0.0011450040340423584
0.0011670017242431641
0.0011589950323104858
0.001204996705055237
0.0013560044765472412
0.0012490010261535644
0.0011920005083084107
0.0015170013904571534
0.0012390005588531494
0.0011949968338012696
0.00120200514793396
0.0012659978866577147
0.0014579933881759643
0.001171998381614685
0.0012890046834945679
0.0012700003385543823
0.0013949990272521973
0.0012240016460418701
0.001328997015953064
0.001381000280380249
0.0012059980630874634
0.0014259934425354004
0.001229000687599182
0.0012340015172958374
0.001204003691673279
0.0013000011444091798
0.001205999255180359
0.0012530010938644409
0.0011599975824356078
0.0014799994230270386
0.0011899983882904053
0.0012359964847564698
0.001223999261856079
0.001216002106666565
0.0013110029697418213
0.0014429986476898193
0.0011999982595443726
0.0013490039110183715
0.0012849968671798705
0.0014849942922592163
0.0012269973754882812
0.0012080031633377075
0.0012570065259933472
0.0012400031089782714
0.0012150013446807861
0.0012150001525878906
0.001205999255180359
0.0012389963865280151
0.0013559979200363159
0.0012090027332305909
0.0012889987230300904
0.0012319934368133544
0.0012450039386749268
0.0012789952754974365
0.001211998462677002
0.0012429994344711304
0.0012819975614547729
0.0012300026416778565
0.0012309950590133666
0.0011409956216812134
0.0012440001964569092
0.0013330012559890747
0.0011649924516677857
0.0018829995393753053
0.0013919985294342041
0.0012960070371627807
0.0012749987840652466
0.001217995285987854
0.0013439995050430298
0.0013089978694915772
0.0012760037183761597
0.001378995180130005
0.0014790010452270508
0.0019260001182556151
0.0014309996366500854
0.0013630002737045287
0.0012880015373229982
0.0014230000972747802
0.0016819941997528076
0.0014400005340576172
0.0013199973106384278
0.0012769991159439088
0.0012969976663589477
0.0012959957122802735
0.001207999587059021
0.001196996569633484
0.0012740039825439454
0.001348993182182312
0.0013639974594116212
0.0012629979848861694
0.0012230032682418823
0.0012479990720748902
0.0012779980897903442
0.0012140047550201415
0.0012470042705535888
0.0016700023412704469
0.0011960047483444214
0.0012580025196075439
0.0013420003652572631
0.0012310028076171875
0.0013179993629455567
0.0012379974126815797
0.0012839996814727782
0.0012830013036727904
0.0012329965829849243
0.0012650001049041748
0.0012390005588531494
0.0012859946489334106
0.001228998303413391
0.0012469983100891113
0.0012080025672912597
0.001289999485015869
0.0013749980926513672
0.0019019997119903563
0.002241998314857483
0.0014869976043701172
0.0014449989795684815
0.001550999879837036
0.0013379991054534913
0.0014179998636245728
0.0012950003147125244
0.001484997868537903
0.0012330025434494018
0.0012019985914230346
0.0010969966650009155
0.0011830013990402222
0.001228000521659851
0.001214996576309204
0.001259998083114624
0.0013589966297149658
0.0014130038022994995
0.0020020031929016114
0.0012670034170150757
0.001215999722480774
0.0015789985656738282
0.0013079994916915894
0.0013179993629455567
0.0012679994106292725
0.0012510049343109131
0.0012900012731552125
0.001356002688407898
0.0012520039081573486
0.001278001070022583
0.0013280004262924195
0.0013129991292953492
0.0012259984016418457
0.001216002106666565
0.001326003074645996
0.0012960028648376465
0.001929999589920044
0.0014770013093948365
0.0012439990043640137
0.0012779980897903442
0.001277000904083252
0.001290993094444275
0.0012339961528778076
0.0012450015544891357
0.0011989957094192506
0.001277998685836792
0.0013189953565597534
0.0012399989366531372
0.0013150030374526978
0.001324000358581543
0.0013380002975463866
0.0012629956007003784
0.0012639987468719483
0.0012190020084381103
0.0012400031089782714
0.0012589973211288453
0.001228998303413391
0.0013289982080459594
0.001270996928215027
0.001264001727104187
0.0012260019779205323
0.0012109971046447754
0.0012760037183761597
0.001319006085395813
0.0013419997692108155
0.0012589997053146361
0.0012849956750869752
0.0013029992580413819
0.0013229995965957642
0.0013279974460601806
0.0013269984722137451
0.0014879989624023437
0.0012659996747970581
0.0013019973039627075
0.0012869983911514282
0.0012410002946853637
0.0012749999761581421
0.0011580008268356323
0.00125099778175354
0.0011649990081787109
0.001299002170562744
0.0012489956617355346
0.00127499520778656
0.0012709981203079224
0.0012410020828247071
0.0012469971179962158
0.001273002028465271
0.0012619996070861816
0.0012450027465820313
0.0013150042295455933
0.001296001672744751
0.0012959980964660645
0.0012659966945648194
0.0012920033931732178
0.001202000379562378
0.0012539941072463989
0.0013859981298446654
0.001258004903793335
0.0012370020151138306
0.0012959998846054077
0.0012619984149932861
0.0012729972600936889
0.001264001727104187
0.0013029974699020385
0.0012559998035430908
0.0012479990720748902
0.0013049978017807007
0.001302000880241394
0.0012800008058547973
0.0013179951906204224
0.0013200008869171142
0.0012719964981079102
0.0012689977884292603
0.0012989974021911622
0.0012550002336502075
0.0017850041389465333
0.0011870008707046509
0.0012679988145828248
0.002292003035545349
0.0012280023097991943
0.0014010012149810792
0.0013290011882781982
0.001247994303703308
0.0013870030641555786
0.0012890017032623291
0.001669001579284668
0.001309996247291565
0.0012510019540786744
0.0012500053644180298
0.0012769997119903564
0.0012210005521774293
0.001287996768951416
0.0012269961833953858
0.0012749993801116943
0.001230999231338501
0.0012429982423782348
0.0012809967994689942
0.0014539992809295655
0.0013569998741149903
0.0012339943647384645
0.0012850052118301392
0.001391000747680664
0.0009509992599487305
0.0011200040578842163
0.0010919982194900512
0.0009839975833892823
0.001009998917579651
0.0011230021715164184
0.0011039990186691283
0.0010239982604980469
0.001176999807357788
0.001123003363609314
0.0013869976997375488
0.0012699997425079346
0.0012940019369125366
0.001270003318786621
0.0014890003204345702
0.0012320005893707276
0.0012480026483535766
0.0015300059318542481
0.0012929987907409667
0.001244998574256897
0.0012879997491836547
0.0012990015745162964
0.0012939971685409545
0.0012780040502548217
0.0013269948959350585
0.0012720000743865966
0.0012299978733062743
0.0013360005617141723
0.0014490026235580444
0.0012800031900405883
0.001216002106666565
0.001336003541946411
0.0023199975490570067
0.0012780028581619264
0.0013190019130706787
0.0013090014457702638
0.001261003613471985
0.0014119988679885864
0.0012599992752075195
0.0012949979305267333
0.0011750030517578124
0.0012419968843460083
0.001261003017425537
0.0012719959020614624
0.0012449991703033447
0.0012110018730163575
0.0016950005292892456
0.002153000831604004
0.0012349963188171386
0.0016000014543533325
0.002120004892349243
0.0020240014791488648
0.0012220007181167603
0.0011939984560012818
0.0023189979791641236
0.001462004780769348
0.0011720013618469237
0.0023800039291381834
0.0012590020895004272
0.0012509989738464355
0.0016770029067993163
0.001312001943588257
0.0019659966230392454
0.0016349959373474121
0.0013680005073547364
0.001328994631767273
0.001838998794555664
0.0012960004806518554
0.0012460017204284667
0.0012249982357025147
0.0012960010766983033
0.0013079982995986938
0.001327996850013733
0.0014029985666275024
0.0012960022687911988
0.0012990009784698486
0.001278003454208374
0.001357998251914978
0.001342000961303711
0.0012470042705535888
0.0012820035219192505
0.001318996548652649
0.001284998655319214
0.0012879949808120728
0.0013169968128204346
0.0014749991893768311
0.0013090050220489501
0.0012830013036727904
0.0013399988412857056
0.001468995213508606
0.0013819974660873413
0.001549997925758362
0.0014390039443969726
0.001330997347831726
0.0013070011138916016
0.0014139974117279052
0.0012830007076263428
0.0013549941778182983
0.0012750023603439332
0.0012440001964569092
0.0012790024280548095
0.0012640005350112915
0.001323004961013794
0.0012550032138824462
0.001278996467590332
0.0013569986820220947
0.0012889963388442993
0.0013130003213882447
0.0013159996271133424
0.001317000389099121
0.0012549984455108643
0.0013160043954849243
0.0013460004329681396
0.001294000744819641
0.0014140033721923829
0.0013430023193359375
0.0012870001792907714
0.001296004056930542
0.0012700045108795166
0.0013510018587112426
0.0013089966773986816
0.001277000308036804
0.0013120025396347046
0.001324998140335083
0.0012760001420974731
0.0013099998235702516
0.001340998411178589
0.0013410073518753051
0.0013369953632354737
0.0012949991226196289
0.001358998417854309
0.0012279999256134032
0.0014019984006881714
0.0012510019540786744
0.0013269954919815064
0.0012980020046234131
0.0012319982051849365
0.0012930035591125488
0.001378002166748047
0.0013459962606430054
0.001276000738143921
0.0013040035963058471
0.0013399988412857056
0.001578001379966736
0.0014329981803894044
0.0013249993324279785
0.0012779974937438966
0.0013189971446990966
0.0012660008668899537
0.0013469988107681274
0.0013110005855560302
0.0013230025768280029
0.0013530027866363525
0.0013359987735748291
0.0014309996366500854
0.0014879995584487916
0.0015499991178512572
0.0013539987802505494
0.0013230007886886597
0.001687002182006836
0.0012760013341903687
0.0012740015983581543
0.001329997181892395
0.0013470017910003661
0.0012769991159439088
0.0013829988241195678
0.0012660014629364013
0.0012829965353012085
0.0013130038976669311
0.0013139992952346802
0.0012589997053146361
0.0013569968938827515
0.0013650017976760864
0.001357000470161438
0.0013310003280639648
0.0013360017538070678
0.001354999542236328
0.0014939987659454345
0.0013689970970153808
0.0013600003719329834
0.0017200034856796264
0.0017330002784729003
0.001326996684074402
0.0013280022144317627
0.0017360007762908935
0.0014420020580291747
0.0013770031929016113
0.0013989990949630738
0.0013520002365112304
0.0012890052795410155
0.0013709980249404907
0.0013769960403442383
0.0013829976320266723
0.0014040029048919677
0.0012899988889694214
0.0014730006456375121
0.0017329943180084228
0.0016629993915557861
0.0012710011005401612
0.0012699979543685912
0.0012769925594329835
0.0013200020790100097
0.001312001347541809
0.0012780016660690308
0.0013569998741149903
0.0012970036268234253
0.0012700021266937255
0.0012559968233108521
0.0012969952821731568
0.0013560014963150025
0.0013010036945343018
0.0013219988346099853
0.0014049994945526123
0.001287994384765625
0.0012939971685409545
0.0013359993696212768
0.0013499969244003295
0.0012980014085769652
0.0013609993457794189
0.001338004469871521
0.001484997272491455
0.0014100021123886108
0.0013670003414154052
0.001405002474784851
0.0013900011777877807
0.001276000738143921
0.0013700014352798463
0.0013170009851455689
0.0015929996967315673
0.0014099985361099242
0.001334000825881958
0.00149899959564209
0.001349998116493225
0.0013559991121292114
0.0012850064039230348
0.0013529950380325318
0.0013500034809112548
0.0013090014457702638
0.0014169973134994507
0.001336004137992859
0.0013210010528564454
0.001537005305290222
0.001447000503540039
0.0014110022783279418
0.0013159996271133424
0.0014049971103668212
0.0013729995489120484
0.0013319957256317139
0.0014990031719207763
0.0013320034742355347
0.0013150054216384888
0.0014099985361099242
0.0013030076026916504
0.0014580011367797852
0.0013300073146820068
0.0014099949598312378
0.0012930011749267578
0.0013169980049133302
0.0014869993925094604
0.0013239991664886475
0.0013250011205673219
0.0012910038232803345
0.0014789950847625731
0.0012040001153945923
0.0011780017614364624
0.0012389981746673583
0.001216999888420105
0.0012959998846054077
0.0013799989223480225
0.0013549935817718506
0.0012400013208389282
0.0013629978895187379
0.001301996111869812
0.0013899999856948854
0.0014110058546066284
0.0012860018014907836
0.0013770025968551636
0.0013170021772384644
0.0013400030136108399
0.0013929957151412964
0.0013690048456192017
0.0013729977607727052
0.001310994029045105
0.0013809967041015624
0.001499001979827881
0.0013559991121292114
0.00140400230884552
0.001584998369216919
0.0016060006618499757
0.0014259982109069824
0.0014050006866455078
0.0013519978523254394
0.0014440059661865235
0.001316002607345581
0.0013230013847351074
0.0012850040197372437
0.0012959980964660645
0.0014029979705810548
0.0013480013608932495
0.0012710022926330567
0.0013739991188049317
0.0013930034637451173
0.001714996099472046
0.001357000470161438
0.0015370011329650878
0.0013120001554489135
0.0013740038871765136
0.0014259994029998779
0.001347007155418396
0.0013919997215270997
0.001534004807472229
0.0013899976015090943
0.0013639992475509644
0.0013820040225982666
0.0013620048761367799
0.0013719993829727174
0.0013859975337982178
0.0013830024003982544
0.0012919974327087402
0.0014300012588500976
0.0013650000095367433
0.0013119953870773316
0.0016749995946884156
0.0013929975032806396
0.001349995732307434
0.0013370001316070556
0.0019489997625350953
0.001432003378868103
0.0012870025634765625
0.001303001046180725
0.0013500022888183593
0.0013569986820220947
0.001288999319076538
0.0015800023078918458
0.0014949983358383179
0.001331002116203308
0.001410004496574402
0.0013369935750961303
0.0013369941711425782
0.0013800007104873657
0.0013330000638961791
0.0013940024375915527
0.0014659982919692993
0.0013490015268325807
0.0012930017709732056
0.001704000234603882
0.0013450002670288086
0.0016099995374679566
0.001262003779411316
0.0013620024919509888
0.0014279967546463013
0.001288999915122986
0.0013430023193359375
0.0015080028772354126
0.0014200031757354737
0.0015089982748031617
0.001330002546310425
0.0014730018377304077
0.0013399946689605713
0.0013279980421066285
0.0013479995727539063
0.0013069993257522584
0.0014639997482299805
0.0015110063552856445
0.0014089983701705932
0.001365000605583191
0.0013299977779388428
0.0012969958782196045
0.0016090011596679688
0.00138300359249115
0.0013739973306655883
0.0013019949197769164
0.0013979971408843994
0.0013879990577697753
0.0013520008325576783
0.0013509994745254516
0.0014410006999969482
0.001294001340866089
0.0016830003261566163
0.0014539986848831176
0.001330001950263977
0.0013650059700012207
0.0014469987154006958
0.0014199978113174439
0.0012979984283447265
0.0014150041341781617
0.001308002471923828
0.0014040052890777587
0.0013919973373413086
0.0013450026512145997
0.0013960009813308715
0.001362999677658081
0.0014109987020492554
0.0013269990682601928
0.0012989962100982667
0.0015789997577667237
0.0013329970836639404
0.0012819987535476684
0.0013390028476715089
0.001295000910758972
0.0013240039348602294
0.001691996455192566
0.0014060008525848388
0.001329004168510437
0.0022360008955001833
0.0014630019664764403
0.0013490033149719239
0.0013230019807815552
0.0013799983263015746
0.0013359993696212768
0.0016230016946792603
0.001335000991821289
0.0014719974994659424
0.0014140003919601441
0.0013370031118392944
0.001374998688697815
0.0013670039176940918
0.0013629966974258423
0.0013330000638961791
0.0016830021142959595
0.0014240020513534546
0.0013830071687698363
0.0015819913148880005
0.0013700038194656371
0.001500997543334961
0.0017310023307800294
0.0015910029411315917
0.0018640017509460448