0.010517999996664003
0.003033999997423962
0.0073930000071413815
0.00029900000197812914
0.0006750000012107194
0.0004700000095181167
0.0003000000026077032
0.0005639999988488853
0.000306000008713454
0.00694599999464117
0.00039899999974295496
0.0005049999989569187
0.0005629999958910048
0.0005409999936819076
0.00032500000088475645
0.0005850000027567148
0.0003530000022146851
0.0006579999963287264
0.0004650000005494803
0.00048700000275857746
0.0003540000063367188
0.0007999999960884451
0.0002850000001490116
0.0005700000037904829
0.0003030000056605786
0.0003100000042468309
0.0032819999987259508
0.00032800000393763185
0.00018799999146722256
0.00013500000350177288
0.00013900000136345624
0.0001400000008288771
0.00013600000413134693
0.00015099999611265958
0.0001440000010188669
0.00014099999680183828
0.00013500000000931322
0.00013799999724142253
0.0001469999994151294
0.0001380000007338822
0.00015100000309757887
0.00014100000262260438
0.00013899999437853695
0.00013799999724142253
0.0001280000025872141
0.00014599999878555536
0.00014400000334717335
0.00012000000569969415
0.00012899999972432852
0.00020400000852532685
0.00014899999601766467
0.00014799999538809061
0.00017099999240599573
0.0001369999977760017
0.00014199999393895267
0.00012999999918974936
0.00012100000400096178
0.00013800000539049506
0.0001299999956972897
0.0001329999975860119
0.00013100000796839595
0.000350000006146729
0.0001519999944139272
0.00013799999956972897
0.00014500000048428774
0.00012500000535510482
0.00013199999579228462
0.00014599999412894248
0.00014200000907294453
0.00014499999582767486
0.000133000003406778
0.00013500000233761966
0.00016499999910593032
0.00014099999330937862
0.0001420000020880252
0.0001379999949131161
0.00013900000019930302
0.00012999999220483004
0.00013400000403635204
0.00014399999636225403
0.0001379999960772693
0.0001569999975617975
0.0001329999917652458
0.00012799999793060125
0.00014000000199303032
0.00015600000158883632
0.0001649999979417771
0.0001369999989401549
0.0001599999936297536
0.0001609999919310212
0.00016500000143423676
0.00018399999826215207
0.00016300000017508865
0.000279000005684793
0.00013300000689923764
0.0001270000054500997
0.00013199999812059106
0.00015999999246560037
0.00014799999771639705
0.00014099999330937862
0.00031800000229850414
0.00012700000661425292
0.00017899999511428177
0.00016700000152923168
0.00016200001002289355
0.0001669999968726188
0.00012999999802559614
0.00015600001090206205
0.0001740000012796372
0.00016800000797957183
0.00015799999702721833
0.00014599999412894248
0.00015699999639764428
0.00013800000539049506
0.00016200000420212745
0.00014999998500570656
0.0001680000009946525
0.00016399999847635627
0.00016100000822916627
0.00012799999909475447
0.00016100000240840018
0.0001730000099632889
0.00016400000429712237
0.00014900000183843076
0.00018000000505708158
0.00015999999595806003
0.00013399999937973916
0.00015799999935552477
0.00016300000017508865
0.00016600000206381082
0.00016900000046007335
0.00016699999920092524
0.00016599998576566577
0.00016199999721720813
0.00015899999416433275
0.00015000000479631126
0.00015699999989010393
0.00017000000458210706
0.0001680000056512654
0.0001319999946281314
0.000169999998761341
0.00015499999281018973
0.0001540000073146075
0.00016900000278837979
0.0001830000034533441
0.00016799999750219285
0.00017100000521168114
0.00015799999935552477
0.00016499999328516423
0.00016399998916313051
0.0001560000062454492
0.00014100000029429794
0.00016000001109205185
0.00016700000734999775
0.0001570000045467168
0.0001720000000204891
0.0001649999979417771
0.0001529999985359609
0.00015400000032968818
0.000162999996682629
0.00016499999561347066
0.00016000000177882612
0.00016399999731220305
0.00016100000822916627
0.00015099999844096602
0.00017099999589845538
0.00012900001369416713
0.0003019999945536256
0.00015600000391714276
0.00016099999425932764
0.000162999996682629
0.00014699998777359724
0.00015599999227561056
0.0001760000002104789
0.00013599999598227442
0.00013100000796839595
0.0001410000037867576
0.00014200000325217843
0.00014200000907294453
0.0001360000146087259
0.00013399999123066663
0.00016200000536628067
0.00016299999901093543
0.00014700000290758907
0.0001649999979417771
0.00016599999973550438
0.00016799999866634607
0.00013399999123066663
0.00012799998978152872
0.0002650000073481351
0.00012200000346638263
0.0001240000023972243
0.00014800000237300993
0.00031500000623054805
0.00013599999365396798
0.0001360000029671937
0.0001389999990351498
0.00012800000025890766
0.00013200000859797
0.0001269999984651804
0.0001470000040717423
0.00013099999283440412
0.00013499999884516
0.00012499999604187906
0.00013299999991431833
0.0001289999985601753
0.00013700000126846135
0.0001420000020880252
0.00014099999330937862
0.00013500000233761966
0.00013700000243261457
0.00014199999975971877
0.0001579999958630651
0.00014800000353716315
0.00015600000275298954
0.00014400000567547976
0.00014100000495091081
0.00032699999515898524
0.0001450000039767474
0.00016799999750219285
0.00017500000423751772
0.00015599998994730413
0.00015899998717941344
0.00014500000164844096
0.0001480000012088567
0.0001420000020880252
0.00014700000174343585
0.00013899998972192407
0.00015600000391714276
0.00015000000363215804
0.00015199998975731432
0.00015800000983290374
0.0002889999933540821
0.00015299999504350125
0.0001489999971818179
0.0001589999964926392
0.0001569999975617975
0.00015999999828636646
0.00014100000262260438
0.0001609999977517873
0.00014400001033209263
0.00015399999218061568
0.00016099999076686798
0.00015300000202842057
0.00015599999227561056
0.00016199999488890172
0.00014799999538809061
0.0001449999923352152
0.00017400000360794364
0.0001579999958630651
0.000146999997086823
0.0001529999973718077
0.0001420000137295574
0.00015399999800138175
0.000146999997086823
0.00015499998698942363
0.00016599999624304475
0.00015099999960511924
0.00016100000124424696
0.00015599999693222344
0.00014099999563768506
0.00015000000246800482
0.00015100000076927243
0.00016999999643303455
0.0001540000014938414
0.000162000001873821
0.00014099999680183828
0.00016599999624304475
0.00016899998765438796
0.00014799999655224383
0.00016600000439211725
0.0002829999988898635
0.0001589999976567924
0.00015799999702721833
0.00015800000634044408
0.00015799999935552477
0.0001529999973718077
0.00015499999863095583
0.00014599999878555536
0.0001639999938197434
0.00017799999681301416
0.00015899999882094563
0.0001959999999962747
0.00018600000417791308
0.00015399999800138175
0.00016899999463930725
0.0001650000037625432
0.00015600000391714276
0.00014400000218302013
0.0001529999985359609
0.00016999999526888133
0.00018799999263137578
0.00017899999977089465
0.00018100000568665564
0.00015999999945051968
0.0001639999938197434
0.00016100000008009374
0.00014600001159124077
0.00015300000202842057
0.0001439999951981008
0.0001570000033825636
0.0001680000009946525
0.00016199999954551457
0.00016099999891594052
0.0001550000044517219
0.00016899999463930725
0.00016499999328516423
0.00018499999190680684
0.000169000003952533
0.00015700000803917647
0.0001729999971576035
0.00016099999542348086
0.00018299998948350548
0.00016600000322796403
0.0001749999960884452
0.00017000000458210706
0.0002760000026319176
0.00015099999262019993
0.00014099999680183828
0.00015199999557808042
0.00016500000841915608
0.00012100000749342144
0.0001320000027772039
0.00014700000057928263
0.00020700000692158938
0.00016400000196881593
0.00027000000001862643
0.0001380000007338822
0.00013500000815838575
0.00041099999914877115
0.00029400000115856526
0.0001449999923352152
0.00012499999604187906
0.0001360000006388873
0.00013599999248981476
0.00014399999286979437
0.00013399999937973916
0.00012999999220483004
0.00013299999642185867
0.0001359999948181212
0.00013400000520050526
0.00013899999670684336
0.00014499999699182808
0.00013999999850057066
0.0001310000056400895
0.0001380000077188015
0.00018699999898672104
0.00027999999234452845
0.00012800000491552054
0.00016099999542348086
0.0001610000035725534
0.0001400000008288771
0.00012999999918974936
0.00015400000032968818
0.0001429999992251396
0.00012999999802559614
0.00016500000027008354
0.00014299999340437354
0.00021400000317953527
0.00014600001042708755
0.0001380000018980354
0.0002599999972153455
0.00017399999196641148
0.0001510000054258853
0.00014199999393895267
0.00012799999793060125
0.00016999999061226845
0.0001660000078845769
0.00014899999951012433
0.00016599999973550438
0.0001659999927505851
0.00012899999506771565
0.00014199999277479946
0.00016500000725500286
0.00016199999838136135
0.0001740000071004033
0.00018999999971129
0.00016600000904873013
0.00016299999784678222
0.00016400000313296915
0.00019099999917671084
0.00016299999784678222
0.00015700000687502325
0.00016700000152923168
0.00017200000118464232
0.00015600000158883632
0.0001429999910760671
0.0001590000046417117
0.00015200000139884651
0.00015299999504350125
0.0001689999981317669
0.00015900000114925207
0.00015900000347755848
0.00018600000068545342
0.00015800001216121018
0.00020600000047124923
0.00020099999732337893
0.0002000000060070306
0.0001900000066962093
0.00019999999436549844
0.00018499999307096005
0.00016200000885874033
0.000160000006435439
0.00017999999923631549
0.00015599999809637666
0.0001590000046417117
0.00015700000221841037
0.0001489999971818179
0.00016900000278837979
0.000162000001873821
0.0001789999974425882
0.00015699999989010393
0.00014599999994970858
0.00014900000183843076
0.00015099999611265958
0.00015399999916553496
0.00027800000389106573
0.00017800000961869954
0.0001900000125169754
0.0001950000086799264
0.00018800001009367407
0.00017599999322555958
0.0001770000031683594
0.00016499999561347066
0.00016599999973550438
0.00017300000647082925
0.0001729999983217567
0.00016900000511668622
0.00015499999863095583
0.00014899999601766467
0.00015999999130144715
0.00014900000300258398
0.00016199998324736953
0.00015400000498630106
0.00016599999973550438
0.0001600000006146729
0.00016500000492669642
0.00018199999234639109
0.00019400000921450554
0.000221999998902902
0.0001729999983217567
0.00018000000156462192
0.00032200000947341323
0.00020300001022405923
0.00018000000971369446
0.00018300000461749733
0.0001760000002104789
0.00018500000122003256
0.00031000000191852453
0.0001669999968726188
0.00018700000131502748
0.00020299999741837382
0.00018700000364333392
0.0001820000074803829
0.00018299999414011836
0.00019199999631382524
0.0002639999927487224
0.00018099999404512347
0.0002230000018607825
0.00021499999682419
0.00021200000075623392
0.00021300000487826766
0.00019700000179000198
0.00019300000043585895
0.0021680000028572975
0.00018699999782256782
0.00018899999326094986
0.0001960000058170408
0.00020499999751336873
0.00018199999467469752
0.00019199999282136558
0.00033899999340064824
0.0003589999966789037
0.00034799999557435515
0.00032999999355524777
0.00022400000947527587
0.00021900000050663947
0.0001480000000447035
0.00012999999918974936
0.00018699999549426138
0.00013999999617226422
0.0001339999958872795
0.00015900000580586492
0.00014899999601766467
0.00016100000240840018
0.00013499999302439393
0.0001830000034533441
0.00035200001089833675
0.00014400000683963298
0.0001380000077188015
0.00012800000607967376
0.00014299999573267998
0.000286999992094934
0.00013399999821558594
0.00013500000000931322
0.0001370000035967678
0.00012600000365637243
0.00015100000193342565
0.00015300000086426735
0.00013799999840557575
0.00016400000196881593
0.0003640000079758465
0.00012400000123307108
0.0001680000068154186
0.00014000000199303032
0.0001269999996293336
0.0001429999992251396
0.00014699999475851656
0.00014200000325217843
0.00012799999793060125
0.00012499999487772584
0.00018000000738538802
0.00013199999113567174
0.00014699998893775046
0.00013999999733641744
0.0001440000080037862
0.00013500000117346644
0.00013400000403635204
0.0001339999958872795
0.00013900000136345624
0.00013199999113567174
0.0001380000018980354
0.0001349999906960875
0.00013299998943693935
0.00014300000038929283
0.00014800000237300993
0.00013500000233761966
0.00013100000331178307
0.00026600000448524953
0.00013799999956972897
0.0001529999973718077
0.00012700000428594649
0.00012099999818019568
0.00012699999730102717
0.00013700000708922745
0.00011500000720843673
0.00014199999393895267
0.000137000004760921
0.00013999999966472388
0.0001309999998193234
0.0001459999952930957
0.00013600000180304052
0.00013799999374896287
0.00020899999653920532
0.00017600000835955144
0.00017100000753998755
0.00015699999989010393
0.00016700000152923168
0.00017700000200420617
0.00017100000404752792
0.00016199999838136135
0.00016300000017508865
0.00014499999582767486
0.0001359999948181212
0.00012300000176765024
0.00013499999768100678
0.00021900000632740557
0.00015399999218061568
0.00016299999784678222
0.00017600000486709178
0.00015599998994730413
0.00014300000621005892
0.00013800000539049506
0.00015500000794418155
0.00015000000363215804
0.0001570000092033297
0.0003020000027026981
0.00018000000505708158
0.00019100000034086406
0.0001580000075045973
0.00015399999800138175
0.00015699999523349106
0.0001549999858252704
0.00015100000076927243
0.00015700000221841037
0.0001549999974668026
0.00022399999317713082
0.00017099999473430217
0.00018399999127723275
0.00015099999611265958
0.00015999999712221325
0.00015700000687502325
0.00014500000863336028
0.00016900000278837979
0.00016100000008009374
0.00022299999371171
0.00017600000137463212
0.0001749999960884452
0.00018600000534206627
0.0001599999947939068
0.0001739999989513308
0.00014800001052208244
0.00015300000552088023
0.00015700000571087003
0.00015499999281018973
0.00016199999838136135
0.00017300000647082925
0.00018500000704079866
0.00017200000118464232
0.00016699999570846558
0.00017300000065006315
0.00016900000511668622
0.0001630000025033951
0.00016400000313296915
0.00015399998519569636
0.00015800000284798443
0.00016599999857135116
0.00017500000423751772
0.0001789999974425882
0.0001770000031683594
0.00018599999137222767
0.00018900000490248203
0.0001859999995213002
0.00018200000398792325
0.00016300000017508865
0.00016100000590085983
0.00016899999463930725
0.00017599999904632568
0.00017300000065006315
0.00015499999979510905
0.00015999999712221325
0.00016100000008009374
0.00014599999878555536
0.00014999998966231943
0.00021700000041164458
0.0001869999908376485
0.0003139999986160547
0.0001760000002104789
0.00017599999788217246
0.00017400000826455652
0.00017099999822676182
0.000164999992121011
0.00017200000351294875
0.00019699999480508269
0.00019099999801255762
0.00017199999769218266
0.0001590000023134053
0.0001700000010896474
0.00017300000181421637
0.00014900000183843076
0.00016499999561347066
0.0001689999923110008
0.00017299999250099064
0.0001869999966584146
0.0001750000030733645
0.0001700000127311796
0.00017000000225380062
0.00014999999082647265
0.00017500000656582416
0.00016000001109205185
0.0001580000075045973
0.0001639999996405095
0.00016000000177882612
0.00016599999507889153
0.00022499999613501132
0.00018200000049546362
0.00018299999414011836
0.0001499999954830855
0.00016700000502169134
0.00034100000164471566
0.00013700000708922745
0.00012899999739602209
0.0001260000071488321
0.00017399999662302435
0.00028800000087358057
0.00013299999991431833
0.0001379999949131161
0.00013800000422634184
0.00012999999802559614
0.00034299999126233163
0.00013399999705143272
0.0005779999902006239
0.00012999999336898326
0.0001309999998193234
0.00013300000573508443
0.00013999999966472388
0.00046899999259039757
0.0001419999951031059
0.0001389999920502305
0.00014199999859556555
0.00015999999246560037
0.00015300000668503345
0.00015599999926052988
0.00014300000271759926
0.00014399999752640725
0.00013999999384395779
0.00014000000432133673
0.00017100000171922148
0.00015699999872595071
0.00028300000354647637
0.00019099999568425119
0.00017199999536387622
0.000174000000115484
0.00017600000486709178
0.00020299999392591416
0.00021199999493546785
0.00017200001049786807
0.00014200000558048487
0.00014599999762140214
0.0001460000011138618
0.00017200000933371485
0.0003480000072158873
0.00018900000141002237
0.00016899998765438796
0.00022499999962747097
0.00018300000112503767
0.00028700000373646614
0.0002420000045094639
0.00015200000372715295
0.00019999999669380485
0.00015199999208562076
0.0003709999960847199
0.0001599999947939068
0.00015800000517629087
0.0001919999998062849
0.00015599999926052988
0.00014100000029429794
0.00014700000174343585
0.00016699999570846558
0.0002840000006835908
0.0003510000091046095
0.00015899998950771988
0.00019500000053085387
0.00015800000634044408
0.00015900000813417136
0.0001839999947696924
0.00018600000301375986
0.0001960000058170408
0.000320000002393499
0.0002519999979995191
0.0003680000093299895
0.0005080000055022538
0.00023000000277534127
0.00043400000198744236
0.0002210000006016344
0.00019400000921450554
0.00034300000639632346
0.00021200000192038714
0.00023499999544583262
0.0002270000020507723
0.00046399999526329337
0.0003899999940767884
0.0004210000019520521
0.00036899999948218463
0.0002479999989736825
0.0002559999958612025
0.00024399999994784594
0.00023500000010244547
0.00022700000088661908
0.00023399999714456498
0.000224000004818663
0.0003409999958239496
0.00038200000301003457
0.0002359999972395599
0.00022800000268034638
0.00021600000443868338
0.00024499999708496036
0.00023599999607540667
0.00023299999767914414
0.0002080000122077763
0.00020999999716877937
0.0002150000014808029
0.00035799998906441035
0.0002129999885801226
0.00019999999436549844
0.00022600000025704503
0.00018799999495968222
0.000192000005627051
0.00020200000726617874
0.0003710000007413328
0.0001990000018849969
0.00020399999571964146
0.0001919999916572124
0.000201000003144145
0.00043999999994412067
0.00024799999431706965
0.00035399999585933984
0.00038399999728426336
0.00020799999823793768
0.00022600000025704503
0.00020599999115802347
0.00019800001173280178
0.00018599999137222767
0.00019200000446289778
0.00020200000260956586
0.0001870000082999468
0.00018699998967349529
0.0001819999993313104
0.00019499998656101524
0.000201000003144145
0.00019100000965408982
0.00018799999612383544
0.00036199999623931945
0.0003940000000875443
0.00026100000250153246
0.0003300000005401671
0.0004709999926853925
0.0001900000055320561
0.0002559999923687428
0.00017099999240599573
0.00018000000738538802
0.0001990000018849969
0.0003129999968223274
0.00019299999810755254
0.0001839999936055392
0.00017899999278597533
0.00019800000009126962
0.00019400000688619913
0.0003349999932106584
0.0004230000078678131
0.00024100000970065594
0.0004959999967832119
0.00024200000101700424
0.0002290000068023801
0.0002380000043194741
0.0002329999953508377
0.00020200000610202552
0.0001919999998062849
0.00019599999068304897
0.00019000000087544323
0.00023199999937787653
0.0002620000042952597
0.00019899999257177114
0.0003580000007059425
0.00045400000177323816
0.000252000002656132
0.0003100000007543713
0.00022999999462626873
0.00020200000610202552
0.00018499999423511327
0.00019100000150501728
0.00033000000519677996
0.00017099999589845538
0.0001890000025741756
0.00016400000429712237
0.0001699999941047281
0.00017399999662302435
0.0001859999937005341
0.000128999991575256
0.00016599999624304475
0.00018699999549426138
0.0003570000024046749
0.0001489999971818179
0.00039199999067932365
0.00015399999800138175
0.00014000000548548995
0.00014199999393895267
0.00017999999574385583
0.00017399999196641148
0.00014999999897554516
0.0002520000049844384
0.00021200000075623392
0.00022299999836832284
0.00014799999771639705
0.00015099998912774027
0.00013500000117346644
0.00014600000227801501
0.00015800000866875052
0.00014600000344216823
0.00017400000360794364
0.0003240000014193356
0.0001730000041425228
0.0001570000045467168
0.00013500000350177288
0.00014199999859556555
0.00014900000183843076
0.00020499999751336873
0.0001429999910760671
0.00013599999831058086
0.00035100000095553694
0.00029299999587237833
0.00012399999657645823
0.00013100000098347663
0.0003039999958127737
0.00012999999453313648
0.00015599999693222344
0.0001440000010188669
0.0001389999920502305
0.00018899999209679664
0.00013599999947473408
0.00013600000413134693
0.00023999999044463038
0.00015999999712221325
0.0001540000014938414
0.00016599999857135116
0.0001560000062454492
0.00012699999613687395
0.00016900000511668622
0.00015699999989010393
0.00017699999967589974
0.00016400000546127559
0.00020899999886751176
0.00016199999721720813
0.00019900000654160977
0.00019500000053085387
0.00019099999917671084
0.00015600000275298954
0.000332000000635162
0.00019100001198239626
0.00019399999175220728
0.00016600000206381082
0.00014699999243021012
0.00014700000872835516
0.0003900000033900142
0.00045100000221282244
0.00018400000175461173
0.00014300000038929283
0.00020600000047124923
0.0001969999959692359
0.00021300001186318695
0.00021099999779835343
0.0006949999975040554
0.0003890000004321337
0.0003770000010263175
0.0005750000011175871
0.0007479999982751905
0.0004529999999795109
0.0004629999992903322
0.00038699998869560657
0.0002319999982137233
0.00022899999748915434
0.0004610000015236437
0.0004549999989103526
0.00043399999849498273
0.0004479999968316406
0.0003929999936372042
0.00042700000805780293
0.000263999990420416
0.0004270000057294965
0.000228000006172806
0.0002489999949466437
0.00023599999956786633
0.0003469999984372407
0.0003660000010859221
0.0004470000020228326
0.00023100000573322176
0.00022699999855831264
0.00022200000006705522
0.00035400000400841235
0.000407000002451241
0.0004349999956320971
0.000251000007847324
0.0003110000025480986
0.00042699999990873037
0.00023499999544583262
0.00037699999869801105
0.0003529999987222254
0.0002620000031311065
0.00023099999991245567
0.0002449999994132668
0.00047199999913573266
0.0004240000050049275
0.00041000000317581
0.0010250000015366823
0.0005489999998826533
0.000273999999044463
0.00022800000850111245
0.00037600000854581594
0.000487000000430271
0.00047799999825656416
0.00023799998802132905
0.00023700000019744039
0.00023299999767914414
0.00021400000201538205
0.00021499999682419
0.00021899999701417981
0.00032299999613314865
0.00021399999735876918
0.000327999999281019
0.0004499999934341758
0.00038100000587292014
0.0004240000026766211
0.0003859999997075647
0.00037699999520555136
0.0005339999950956554
0.0004750000045169145
0.00022899999632500112
0.0002950000006239861
0.00021699999691918493
0.00021100000711157918
0.00041499999817460774
0.00025200000149197874
0.0002519999991636723
0.00020800000755116343
0.00037399999913759527
0.0002500000095460564
0.00037900000344961884
0.00023100000573322176
0.0003879999974742532
0.0002410000003874302
0.0002250000019557774
0.0002209999959450215
0.00022499999962747097
0.00023699999204836785
0.00021300000487826766
0.00017599999904632568
0.0001769999973475933
0.0001830000034533441
0.00020299999858252704
0.00018999999039806425
0.0001979999931063503
0.0001919999998062849
0.0003009999997448176
0.0004099999985191971
0.0002679999964311719
0.00020700001041404903
0.00022100000642240049
0.00020099999848753215
0.0001959999918472022
0.000183000008109957
0.00018400000990368426
0.000205999999307096
0.000199999992037192
0.00023900001193396747
0.00019200000795535743
0.00018500000122003256
0.00018599999602884055
0.00018100000452250242
0.00018099999637342988
0.0002030000078957528
0.00018699999549426138
0.00016500000492669642
0.000174000000115484
0.0002449999959208071
0.00040000000619329514
0.00022700000903569162
0.0002559999958612025
0.00022000000113621355
0.000508000006666407
0.00026799999410286545
0.00038399999612011016
0.00025999999372288584
0.000422000001417473
0.00046500000287778674
0.00038799999631009994
0.0007249999989289791
0.0005249999987427146
0.0003939999965950847
0.00036700000637210903
0.00043899999931454656
0.00041900000302121045
0.0004860000067856163
0.00046900000073947013
0.0004509999928995967
0.0004739999992307276
0.0003999999933876097
0.0005899999977555126
0.00042400000034831465
0.0003820000018458813
0.0004459999990649521
0.00022899999748915434
0.00019700000644661485
0.0005599999998230487
0.00016399999614804983
0.00015700000105425715
0.00016699999570846558
0.0001629999908618629
0.00018099999870173632
0.00019100001081824304
0.00022000000346451997
0.00020299999392591416
0.00018399998894892634
0.00018199999816715718
0.00015699999639764428
0.00019799999543465674
0.0001550000044517219
0.0001489999971818179
0.00015599999693222344
0.00015299999271519481
0.00015900000580586492
0.000162000001873821
0.00020600000163540245
0.00021700000041164458
0.0002179999987129122
0.00020800000289455055
0.00020399999106302858
0.00020800000755116343
0.00018400000873953104
0.00018000001087784768
0.00019800001522526144
0.00018899999791756274
0.00016600000555627047
0.00016799999168142676
0.00015199999674223364
0.000162000001873821
0.00015299999620765447
0.00014799999771639705
0.0002409999957308173
0.0001620000007096678
0.00016900000511668622
0.00015099999844096602
0.0001700000010896474
0.00027900000219233334
0.00021500000730156898
0.00022100000292994083
0.00020000000484287738
0.00019099999568425119
0.0001839999947696924
0.00019799999776296318
0.0001940000057220459
0.0001779999991413206
0.00018600000417791308
0.00018499999307096005
0.0001900000055320561
0.00016100000240840018
0.000174000000115484
0.00017499999841675163
0.00015699999406933784
0.0001660000078845769
0.00015899999998509885
0.00015099999378435314
0.00016200000420212745
0.00022099999710917473
0.0001810000033583492
0.0002120000054128468
0.00021000000182539225
0.0001900000055320561
0.00017100000753998755
0.0001739999931305647
0.00014099999447353184
0.00015399999800138175
0.00014900000183843076
0.00016599999857135116
0.00015399999683722853
0.0001589999976567924
0.00014799999888055027
0.0001529999985359609
0.00016900000046007335
0.00015700000105425715
0.00015099999262019993
0.00016600000322796403
0.000155999994603917
0.00016999999643303455
0.00017100000870414077
0.0003020000027026981
0.00017000000574626028
0.00017399999545887113
0.00020499999285675586
0.0001899999985471368
0.00018099999288097025
0.0001780000072903931
0.0001900000125169754
0.00021700001088902353
0.00019900000421330333
0.0001709999970626086
0.0001760000002104789
0.00016200000536628067
0.0001580000075045973
0.000164999992121011
0.00016900000860914588
0.00017300000181421637
0.00016499999910593032
0.00013099999283440412
0.0001429999980609864
0.00016400000313296915
0.00023600000189617277
0.00016000000294297934
0.00020699999760836362
0.00019899999955669045
0.0002009999949950725
0.000187999993795529
0.00017899999395012855
0.00018500000122003256
0.0001770000159740448
0.0001900000043679029
0.0001879999996162951
0.00016400000546127559
0.0001810000091791153
0.0001830000034533441
0.0001819999993313104
0.00018099999986588954
0.00038199999602511525
0.0002050000010058284
0.00020000000135041773
0.00027199999196454884
0.0002719999966211617
0.00021999999298714102
0.000210999995470047
0.0001990000018849969
0.0001890000037383288
0.00018899999791756274
0.00019600000116042792
0.00019499999820254743
0.00019800000241957606
0.0001829999906476587
0.00020100000663660466
0.00035999999847263097
0.00021000000881031157
0.00022599999676458537
0.00019400000339373947
0.00018000000272877514
0.0001749999972525984
0.00017699999967589974
0.0002150000026449561
0.00019400000339373947
0.0002080000110436231
0.0001989999902434647
0.0001879999996162951
0.00018700001179240645
0.00019999999552965163
0.0002079999994020909
0.0002529999963007867
0.00015299999970011413
0.0001630000025033951
0.00012799999909475447
0.000169999998761341
0.0001549999963026494
0.000308999998960644
0.0001409999979659915
0.0001769999973475933
0.00017099999822676182
0.00013500000583007931
0.00015299999620765447
0.0001479999942239374
0.00013799999258480965
0.00015400000265799462
0.00017499999958090485
0.00016199999488890172
0.0001379999960772693
0.00014300000271759926
0.00013900000369176268
0.00015199999790638686
0.00013599999831058086
0.0003230000042822212
0.00014799999888055027
0.00014300000388175248
0.0003700000105891377
0.0001380000018980354
0.00017300000065006315
0.00014300000271759926
0.00017400000826455652
0.00017099999822676182
0.0001269999996293336
0.00014999999781139194
0.0001639999938197434
0.00039499999373219906
0.0003179999999701977
0.00016999999526888133
0.00030300000682473185
0.00014200000325217843
0.00014899999601766467
0.00017600000486709178
0.00013700000708922745
0.00013300000689923764
0.00030000000377185644
0.0004939999966882169
0.00016900000046007335
0.00013199999346397818
0.000162999996682629
0.00016700000036507846
0.00017399999662302435
0.0001590000023134053
0.0001869999908376485
0.0002680000034160912
0.00015899999998509885
0.00015400000382214784
0.00022000000113621355
0.0001470000040717423
0.00019399999058805406
0.0001439999998547137
0.00032900000689551235
0.0001699999929405749
0.00012999999918974936
0.00013900000019930302
0.0003910000016912818
0.0002409999945666641
0.00031200000317767264
0.00017499999492429197
0.00013999999966472388
0.0001420000020880252
0.00016599999973550438
0.00018300000578165055
0.00018299999414011836
0.00017800000612623989
0.0001930000027641654
0.00016800000448711217
0.00017900000093504787
0.000169000003952533
0.00017199998954311012
0.00016700000036507846
0.00016999998828396201
0.00017300000647082925
0.0002519999991636723
0.00019099999219179153
0.00020200000144541264
0.00018699999316595494
0.00017800000146962704
0.0001770000043325126
0.00018800000194460153
0.0001770000043325126
0.00018500000238418578
0.00017899999511428177
0.00018199999583885074
0.0001779999991413206
0.0001980000047478825
0.000203000009059906
0.00020500000449828802
0.0001930000085849315
0.0002030000020749867
0.00015900000697001814
0.00017999999923631549
0.00019399999757297337
0.0001900000043679029
0.00019499999238178133
0.00019499999936670065
0.00017400000360794364
0.0001880000007804483
0.0001990000018849969
0.00021599999978207053
0.00019399999524466694
0.00019399999640882016
0.00018200000515207647
0.0001650000037625432
0.00016600000555627047
0.000153000004356727
0.00016100000240840018
0.00016000000177882612
0.00016700000502169134
0.0001610000093933195
0.00015300000784918667
0.00018700000364333392
0.00017900000559166075
0.00016900000046007335
0.00016500000027008354
0.00016599999507889153
0.00014200000558048487
0.00014799999771639705
0.00016000000410713256
0.00014699999825097622
0.00014499999699182808
0.00016199999721720813
0.00016199999838136135
0.00016600001021288335
0.00017200001399032773
0.00014499999582767486
0.00015600000508129598
0.00016600000206381082
0.000162999996682629
0.00015499999979510905
0.00016099999658763408
0.00017000000341795384
0.00016199999954551457
0.0001659999927505851
0.00019300000742077827
0.00017900000675581397
0.0001870000024791807
0.00018700000015087426
0.00019300000043585895
0.00017700000200420617
0.00016800000914372505
0.0001790000079199672
0.00019600000930950046
0.00020299999974668026
0.0002079999924171716
0.0001900000066962093
0.0003169999970123172
0.00017199999885633588
0.000171999994199723
0.00016400000778958202
0.00016999999526888133
0.00015600000275298954
0.0002000000060070306
0.00020199999446049333
0.00017800000612623989
0.00017000000458210706
0.0001880000112578273
0.00018199999583885074
0.00017800000146962704
0.0002560000051744282
0.00020599999465048313
0.0001920000114478171
0.00016600000555627047
0.00015800000517629087
0.00015200000372715295
0.00023599999025464058
0.0001859999925363809
0.00023500000359490513
0.00019700000062584878
0.00018999999971129
0.0001859999925363809
0.0001849999953992665
0.0001829999964684248
0.0003129999910015613
0.0001789999974425882
0.00016499999561347066
0.0001489999971818179
0.00014099999680183828
0.0001440000010188669
0.00015699999872595071
0.00013000000268220902
0.00017700000549666583
0.00016599999624304475
0.00045599999488331376
0.00041200000210665164
0.0004609999991953373
0.00015600001090206205
0.0003979999991133809
0.00015200000954791902
0.0001639999949838966
0.00014700000174343585
0.00021599999279715121
0.0002930000040214509
0.00033300000824965537
0.00014900000300258398
0.00013899999787099658
0.0001389999990351498
0.00015500000095926226
0.00037899999879300596
0.00016099999891594052
0.0002600000065285712
0.00017700000200420617
0.00021000000298954547
0.00017500000074505807
0.00018199999700300396
0.0001570000045467168
0.00015099999494850636
0.00016499999677762388
0.00016100000240840018
0.00022200000006705522
0.00017299999250099064
0.00025400000042282046
0.00023300000582821668
0.00018299999530427158
0.00019999999320134522
0.000201000003144145
0.0003400000010151416
0.00021799999987706542
0.00018999999621883035
0.00021100000478327274
0.00021000000648200513
0.00020900001050904392
0.0002029999962542206
0.0001900000055320561
0.00019800000358372928
0.00019699999829754234
0.00019199999514967202
0.000412999993423
0.00026700000278651715
0.00033699999912641945
0.00023600000888109206
0.00020299999741837382
0.00019499999471008777
0.000201999987475574
0.00021300000022165478
0.0002039999922271818
0.00019399999757297337
0.00020899999653920532
0.0003410000028088689
0.0001880000066012144
0.0001959999941755086
0.0003040000039618462
0.00019799999543465674
0.00019499999354593455
0.0001769999973475933
0.00015299999504350125
0.00015599999693222344
0.00018499999307096005
0.00018900000839494168
0.00018200000282377006
0.00019600000232458114
0.00018200000282377006
0.00014900000300258398
0.00017400000244379042
0.00016700000385753812
0.00017199999769218266
0.00015099999378435314
0.0001580000016838312
0.0001579999958630651
0.000162999996682629
0.00016799999633803963
0.0001660000125411898
0.0001770000031683594
0.0003409999969881028
0.0001959999999962747
0.00020699999877251684
0.00019099999801255762
0.00016600000322796403
0.00018400000175461173
0.00020899999421089888
0.00018699999549426138
0.00020699999877251684
0.00018800000310875475
0.0001990000030491501
0.00021100000129081308
0.0001950000016950071
0.00020100000430829822
0.00018199999234639109
0.00019200000329874456
0.00028199999942444263
0.00020400000154040753
0.00022399998852051795
0.0002069999906234443
0.00018600000301375986
0.00016300000017508865
0.00017500001355074345
0.00017899999977089465
0.0001709999912418425
0.0001729999983217567
0.00020399999688379465
0.00021399999619461596
0.00021899999701417981
0.00022999999695457517
0.00022800000268034638
0.0005140000057872384
0.0002060000051278621
0.00021299999672919512
0.00020500000333413483
0.00019899999722838401
0.00018499999889172612
0.00019899999722838401
0.00018899999908171593
0.00021999999531544746
0.0002230000018607825
0.00022400000016205014
0.00018000000505708158
0.0001770000031683594
0.00017500000190921129
0.00030200001318007706
0.0002159999974537641
0.00021599999512545765
0.00021000000182539225
0.00018999999156221747
0.00018399999593384563
0.00018399999593384563
0.00017600001301616431
0.0001870000024791807
0.000175000011222437
0.00015699998592026533
0.0001829999964684248
0.0002390000002924353
0.00019100000616163016
0.00018799999495968222
0.00016500000027008354
0.00015100000309757887
0.00015999999712221325
0.0005930000043008476
0.0006380000070203096
0.0001749999902676791
0.00030500000808387996
0.00020400000386871397
0.0002000000118277967
0.00019599999883212148
0.0001729999971576035
0.00017599999206140637
0.00018599999719299377
0.00018099999986588954
0.00018199999583885074
0.00018000000505708158
0.00020399999804794787
0.00020600000163540245
0.00019700000644661485
0.00038199999486096206
0.0001709999970626086
0.00015999999828636646
0.00015000000246800482
0.00016299999901093543
0.0003520000004209578
0.0002019999991171062
0.00021099999896250665
0.0003599999938160181
0.00019700000062584878
0.00017999999923631549
0.00019200000679120421
0.00018000000505708158
0.00018600000184960664
0.00016599999973550438
0.0011060000013094395
0.00014299999456852676
0.00017499999841675163
0.00016299999901093543
0.0001380000007338822
0.0001289999927394092
0.0001390000048559159
0.00014699999359436334
0.00015199999790638686
0.00026199999498203395
0.0001630000036675483
0.00016400000313296915
0.00040099999285303056
0.0005619999917689711
0.00013800000655464828
0.00015299999387934803
0.00012700000079348683
0.00016000000294297934
0.00014300000621005892
0.0001320000004488975
0.00013999999617226422
0.00014599999878555536
0.00013900000951252878
0.0001439999998547137
0.00015799999819137155
0.0002650000073481351
0.0003529999987222254
0.00021600000676698982
0.00018599999719299377
0.0003179999941494316
0.0001729999983217567
0.00013899999554269017
0.00016000000527128578
0.00014099998981691896
0.0001449999981559813
0.00015599999343976378
0.0002760000003036112
0.00016399999265559017
0.00014799999888055027
0.00016499999444931745
0.00016699999570846558
0.00014500000630505384
0.00013099999749101697
0.0001370000117458403
0.0001589999976567924
0.00014599999180063604
0.00014099999563768506
0.00017199999769218266
0.00029200000339187684
0.0001510000042617321
0.00014300000621005892
0.0002999999956227839
0.00027000000234693287
0.000213000001385808
0.00018199999700300396
0.0001660000008996576
0.00014600000344216823
0.00015199999324977398
0.0001550000114366412
0.00015000000596046448
0.00012400000123307108
0.00015199999790638686
0.00015099999960511924
0.0001389999990351498
0.00012799999909475447
0.00015700000571087003
0.00027200000360608103
0.00016200000420212745
0.00021100000129081308
0.00013700000243261457
0.00015700000571087003
0.00017200001049786807
0.00013300000107847155
0.00015599999693222344
0.0001480000058654696
0.0002999999956227839
0.0001589999964926392
0.0001739999989513308
0.0003229999914765358
0.0001400000089779496
0.00014299999340437354
0.00014700000756420195
0.00016699999803677202
0.00014000000432133673
0.00016000001109205185
0.000132999992929399
0.00015999999828636646
0.00014100000262260438
0.00013000000035390258
0.00013999999617226422
0.00012700000195764005
0.00013100000331178307
0.00016800000448711217
0.00013300000107847155
0.00013700000126846135
0.00014300000388175248
0.00014400000451132656
0.00016700000152923168
0.0001439999940339476
0.0003490000008605421
0.00014800000237300993
0.000133000003406778
0.00017200000234879554
0.00021399999503046274
0.00015500000212341546
0.0001600000006146729
0.0002570000127889216
0.00014899999951012433
0.00015099999844096602
0.00013699999661184847
0.00014799999888055027
0.00013799999142065643
0.00012800000491552054
0.00013900000252760946
0.00015100000193342565
0.0001229999936185777
0.00017999999807216227
0.00018500000587664544
0.0003600000008009374
0.0002009999903384596
0.00013500000117346644
0.0001379999960772693
0.00014700000640004873
0.00013299998827278614
0.00014900000300258398
0.00014499999582767486
0.00013599999714642764
0.00016999999643303455
0.00025399998994544146
0.000392999998293817
0.00013999999151565135
0.00014799999771639705
0.00014000000315718354
0.00013100000680424273
0.00022499999962747097
0.00013799999724142253
0.00013600000413134693
0.00022799999336712063
0.0001359999948181212
0.0001429999980609864
0.00014900000533089042
0.00014499999932013452
0.00012599999783560634
0.00014300000621005892
0.0001279999956022948
0.00014300000621005892
0.00013499999651685356
0.00016699999803677202
0.0001400000008288771
0.00026500000152736904
0.00013799999374896287
0.00015299999387934803
0.00015899999882094563
0.00014399999170564115
0.00014200000325217843
0.00016999999992549418
0.0002940000139642507
0.0001499999954830855
0.0001489999983459711
0.00013299999525770545
0.00014300000038929283
0.00028999999864026904
0.00015099999844096602
0.0002660000033210963
0.0001489999983459711
0.00017600000137463212
0.00013799999840557575
0.0001360000029671937
0.00014999999781139194
0.00013599999132566154
0.00026799999410286545
0.000123999995412305
0.00013899999554269017
0.0002840000076685101
0.00035599998547695575
0.0007190000009723008
0.0001329999917652458
0.00012699999613687395
0.0002640000020619482
0.00017100000171922148
0.00016699999454431236
0.0001939999929163605
0.00024500000290572643
0.00014399999752640725
0.00012999999686144292
0.00013799999724142253
0.00014800001634284854
0.00012799999793060125
0.0002920000057201833
0.00013799999956972897
0.00013100000214762985
0.0004709999950136989
0.00013799999724142253
0.0001570000033825636
0.00016100001404993237
0.00038499999325722453
0.00013499998836778105
0.00015099999960511924
0.00015499999513849617
0.00014600000460632145
0.000281999995931983
0.0001680000009946525
0.000133000003406778
0.00020700000459328294
0.00017299999948590993
0.000162999996682629
0.00014300000271759926
0.00015399999101646246
0.00013800000306218863
0.0001299999956972897
0.0001440000010188669
0.00015800000983290374
0.00013799999724142253
0.00016999999759718777
0.00015099999960511924
0.0002999999979510903
0.00013399999705143272
0.0001789999846369028
0.0001340000075288117
0.00015100000193342565
0.00015399999800138175
0.00019299999112263322
0.00015400000032968818
0.00015599999809637666
0.0001330000045709312
0.0002799999981652945
0.0001620000007096678
0.0001350000046659261
0.00047900000121444466
0.0002730000007431954
0.00013900000019930302
0.0001559999887831509
0.00021500000031664967
0.00041300000506453214
0.0001819999993313104
0.0001289999985601753
0.0002609999978449196
0.0001700000010896474
0.00013300000573508443
0.0003530000033788383
0.00015699999406933784
0.00014700000290758907
0.00016799999633803963
0.0002570000023115426
0.00017899998812936246
0.0001489999983459711
0.00013499999884516
0.0001990000018849969
0.0004249999963212758
0.0001610000093933195
0.00017200000118464232
0.00016500000609084964
0.00018100000568665564
0.0001830000034533441
0.0001729999983217567
0.0001710000028833747
0.00018700000946410001
0.00032299999496899546
0.000178999996278435
0.00033800000557675957
0.000169000003952533
0.00019399999408051372
0.00018400000757537783
0.0001720000070054084
0.00017500000540167094
0.00017000000807456672
0.00018699999549426138
0.00018800000310875475
0.00019399999408051372
0.0001860000065062195
0.0001770000043325126
0.00020300000556744635
0.00018900000141002237
0.00019699999364092947
0.00032900000223889947
0.00020499999867752195
0.00018600000068545342
0.0003009999974165112
0.0003690000076312572
0.00020700000110082328
0.00022200000123120844
0.0002109999966342002
0.00019499999936670065
0.00022099999827332795
0.00021400000201538205
0.00019900000421330333
0.00027699999627657236
0.00019000000320374967
0.0002029999962542206
0.00020699999993667006
0.00033900000504218043
0.0003869999956805259
0.0005169999995268881
0.0003379999939352274
0.0003879999974742532
0.00024500000523403287
0.00021100000012665986
0.00020699999411590396
0.000208999989554286
0.00020599998999387025
0.00019100000150501728
0.00020299999858252704
0.00019500000518746674
0.000208000005222857
0.00021599999978207053
0.00022599999560043215
0.00042000000132247806
0.00036999999661929906
0.00023700000252574682
0.00022800001315772533
0.0003570000024046749
0.00038899999926798043
0.00020799999823793768
0.00021799999754875898
0.0002150000014808029
0.00019999999669380485
0.00018199999700300396
0.00018299999763257802
0.0001970000029541552
0.0001950000016950071
0.0001830000022891909
0.00017399999429471792
0.00015999999945051968
0.00018400000175461173
0.00016300000832416116
0.00019400001037865876
0.0001929999957792461
0.00017599999322555958
0.0001730000029783696
0.00018999999738298357
0.00017899998812936246
0.00018099998473189772
0.0001880000054370612
0.0001890000037383288
0.0001950000016950071
0.00018000000389292836
0.00013799999840557575
0.0001380000018980354
0.00016699998988769948
0.0001890000037383288
0.00020700000110082328
0.00018799999845214187
0.0001910000026691705
0.00018400000175461173
0.00018500000587664544
0.00016600000322796403
0.00020300000323913991
0.00018900000606663524
0.0001750000030733645
0.00016700000385753812
0.00016400000429712237
0.00016799999051727354
0.0001540000014938414
0.00016299999435432256
0.000174000000115484
0.00017300000065006315
0.0001629999908618629
0.0002969999995548278
0.00017499999492429197
0.00015199999907054008
0.0006279999972321094
0.00017900000675581397
0.00016100000124424696
0.0002640000043902546
0.0004139999975450337
0.00015500000212341546
0.00012899999972432852
0.00015499999863095583
0.00015199999208562076
0.000146999997086823
0.00012400001054629683
0.00013000000384636224
0.0001370000035967678
0.00034600000246427955
0.00014999999431893228
0.00031899999477900563
0.00017700000084005295
0.00040899999788962304
0.0004899999976623803
0.0004360000009182841
0.00044800000148825347
0.0004130000027362257
0.00044199999887496234
0.0004520000016782433
0.0004369999992195517
0.0004360000090673566
0.0004630000027827919
0.0005179999943356961
0.00038499999092891815
0.0003920000046491623
0.0004280000005383044
0.0004129999980796129
0.000498000003863126
0.00045100000337697563
0.00044900000328198077
0.0005349999968893827
0.00045499999658204615
0.00039999999571591614
0.00041999999317340555
0.00043299999670125543
0.00046599999652244153
0.00043799999635666607
0.0004959999967832119
0.00022600000724196434
0.00022800000268034638
0.00017600000719539822
0.0001839999947696924
0.0001639999949838966
0.0003130000049713999
0.00016900000278837979
0.00018299999414011836
0.000279000005684793
0.00018499999074265362
0.00020000000135041773
0.00017599999671801924
0.00017800000961869954
0.0001830000034533441
0.0003400000068359077
0.00018899998860433698
0.00020099999732337893
0.00019099999917671084
0.00019800000707618893
0.00018999999156221747
0.0001950000028591603
0.00019800000125542284
0.0003649999981280416
0.0005110000015702098
0.0004319999972358346
0.00044800000498071316
0.0005719999992288649
0.000455999996047467
0.000395999999018386
0.00043599999858997765
0.0002380000043194741
0.0004490000021178275