0.0035710000223480166
0.0009159999922849237
0.0013200000068172813
0.0009060000069439411
0.001186000001616776
0.0011170000047422946
0.000881999998819083
0.00129099999088794
0.0035309999925084413
0.0006480000028386712
0.00021599999628961087
0.00022500000894069673
0.0006590000237338244
0.0003149999980814755
0.0002140000043436885
0.000201000003144145
0.00020699999760836362
0.0002530000079423189
0.0002590000256896019
0.00031199998455122113
0.00022900000214576722
0.00027699999278411267
0.00026300000492483376
0.00031600002432242036
0.0002549999812617898
0.00024599998025223615
0.000232000018004328
0.00030299999518319966
0.00037499999394640326
0.0002459999918937683
0.00027800002368167043
0.0005039999797008932
0.0004930000077001751
0.0002399999974295497
0.00024000000208616257
0.00035300001269206405
0.0002490000147372484
0.00029200000455603003
0.0011719999951310457
0.00032399998977780344
0.0002619999996386468
0.0005430000042542815
0.00026100001065060497
0.00037999997613951563
0.0003639999940060079
0.0003879999974742532
0.0005190000240691006
0.00026500000851228836
0.00027599999913945793
0.00026499998522922397
0.00027400000486522914
0.0004489999916404486
0.0003439999837428331
0.0007199999922886491
0.000595999991055578
0.0005059999926015734
0.0003860000008717179
0.00033099998952820895
0.00029300001449882984
0.0009199999924749136
0.0006240000063553453
0.00030399999814108015
0.0002890000049956143
0.0010690000071190298
0.0004619999951682985
0.00033500001765787604
0.0009209999954327941
0.0005350000038743019
0.0005729999858886004
0.0004709999868646264
0.0007039999961853027
0.0005220000050030649
0.0003699999931268394
0.0005570000153966248
0.00033499998738989234
0.00046800002455711366
0.0004980000061914325
0.0005450000008568168
0.0004080000123940408
0.0005160000105388462
0.0013440000195987522
0.0005109999980777502
0.0005339999869465828
0.00042499999515712263
0.00046600001165643336
0.0005080000194720924
0.00045099998358637093
0.0004279999923892319
0.0009520000009797514
0.0003489999775774777
0.0008889999915845692
0.0003789999941363931
0.000296000000089407
0.0003260000073350966
0.00035799999721348286
0.0005070000025443733
0.0006409999914467335
0.0005970000079832971
0.0007840000092983246
0.0004769999999552965
0.0006119999871589244
0.0005259999935515225
0.0006530000129714609
0.0008840000070631504
0.0004209999903105199
0.0004029999929480255
0.0003399999928660691
0.00034299998776987195
0.0003960000048391521
0.00034599999198690055
0.0008350000064820052
0.0006109999981708824
0.0005340000055730343
0.0009470000071451068
0.0011849999963305892
0.0013370000082068144
0.0009410000103525817
0.0007530000060796737
0.0005050000175833702
0.000738000029232353
0.0004450000077486038
0.0010039999964646996
0.000789999992121011
0.0005420000175945461
0.0012170000188052655
0.0006020000204443931
0.0005510000046342611
0.0007440000004135072
0.0008170000044628977
0.0005419999943114817
0.0004389999923296273
0.0006429999927058816
0.000648000007495284
0.0006710000080056488
0.0009730000072158873
0.0007939999992959201
0.0013039999990724026
0.0007830000063404441
0.0007419999968260527
0.0011890000011771918
0.00072199999820441
0.00047400000505149365
0.0007130000158213079
0.00047599998768419025
0.0006749999849125743
0.00043400000547990205
0.0007769999862648546
0.0012150000128895045
0.0008269999944604934
0.0005109999910928309
0.0009199999854899943
0.0006090000085532666
0.000491999990772456
0.0007179999887011946
0.001303000000771135
0.0005180000001564622
0.0003889999957755208
0.0004059999994933605
0.0009600000106729567
0.00046599999302998185
0.0005679999920539558
0.0004060000227764249
0.001273999991826713
0.0008989999978803098
0.000565999997779727
0.0005679999943822622
0.000537999989464879
0.0006370000122115016
0.00039799998980015515
0.002169000015128404
0.0004939999943599104
0.00045900001423433424
0.0011030000052414835
0.0005899999965913594
0.000480999993160367
0.0008539999974891544
0.000736000018659979
0.0007689999928697943
0.0007630000193603337
0.0005089999991469085
0.0006539999949745834
0.0005530000082217157
0.001606999991927296
0.0011959999753162265
0.0007510000211186707
0.0005560000077821315
0.0009300000034272671
0.0006580000091344118
0.0007010000012814999
0.000991000011563301
0.0006280000112019479
0.0008679999853484332
0.0007979999971576035
0.0007689999998547137
0.0005430000089108943
0.0005350000085309148
0.0006300000101327896
0.0006669999961741268
0.0014339999901130795
0.0006240000063553453
0.0010890000173822045
0.0007229999918490648
0.0014070000010542572
0.0007539999904111027
0.0011249999841675162
0.0007649999903514981
0.000748000016901642
0.00046200002543628216
0.0008249999792315066
0.0011119999969378114
0.0006219999981112778
0.0006890000076964498
0.0006719999993219972
0.001218000005465001
0.0010850000032223762
0.0005649999878369272
0.0008439999795518816
0.0008230000035837293
0.0011309999856166542
0.0006459999992512167
0.0007549999887123703
0.0007869999925605953
0.0007950000022538006
0.000578999996650964
0.0008210000116378069
0.000797999994829297
0.00071299999486655
0.0007350000133737922
0.0006639999919570982
0.0007639999967068434
0.0006090000108815729
0.0008220000122673809
0.0009209999931044877
0.0005520000122487545
0.0007920000003650785
0.0006059999973513186
0.0007730000116862357
0.0008220000145956874
0.0007839999860152602
0.0007319999928586185
0.0006300000031478703
0.0006380000058561564
0.0006940000085160136
0.0007190000009723008
0.0007249999931082129
0.0007670000032521785
0.000688999998383224
0.0013559999759308993
0.0007499999925494194
0.000771999997086823
0.000808000008109957
0.0006090000015683472
0.0007649999810382724
0.0006799999880604446
0.000752999996766448
0.0007669999916106462
0.0007960000052116812
0.0008200000110082328
0.0009300000057555735
0.0015329999849200248
0.0008939999993890523
0.0011419999948702752
0.0007340000104159117
0.0007180000026710331
0.0006110000051558018
0.0008160000201314688
0.000661999995354563
0.0007610000134445727
0.0007659999863244593
0.0007520000194199384
0.0007620000024326145
0.0006960000051185488
0.0007859999989159405
0.0006690000114031136
0.0006730000069364905
0.0009010000084526836
0.0007200000016018748
0.0007150000031106174
0.0010209999955259263
0.0011049999948590994
0.0007550000189803541
0.0007979999831877649
0.0007700000097975135
0.0006769999885000289
0.0007680000038817525
0.0006150000053457916
0.000714999979827553
0.0007219999958761037
0.0008759999880567193
0.0007260000007227063
0.0007489999779500068
0.0009450000268407166
0.0008000000123865903
0.000645999985281378
0.0007820000033825636
0.0007110000075772404
0.0010019999835640192
0.0007010000082664191
0.0006859999988228083
0.0007160000060684979
0.0007880000071600079
0.0007890000101178885
0.0006729999999515713
0.0007460000016726553
0.0006729999859817326
0.0007129999995231629
0.0007119999988935888
0.0008779999893158675
0.0007689999882131815
0.0007219999958761037
0.0007839999976567924
0.0008079999987967312
0.0007639999897219241
0.0007380000129342079
0.000818000016734004
0.0006749999965541065
0.0007029999885708094
0.0008239999925717711
0.0007929999963380396
0.0007390000042505563
0.0007719999947585165
0.0007169999997131526
0.0006850000191479922
0.0007619999954476953
0.0009100000141188502
0.0008260000101290643
0.0007049999851733446
0.0007969999988563359
0.0006909999903291464
0.0006939999922178686
0.0009619999979622662
0.0007669999939389527
0.0007170000160112977
0.0007019999995827675
0.0007590000075288117
0.0007290000026114285
0.0007550000003539026
0.0007990000140853227
0.000750999974552542
0.000756000007968396
0.0008180000190623105
0.0006489999964833259
0.0007689999928697943
0.0007339999894611538
0.0007409999938681722
0.000923999990336597
0.0007669999962672591
0.0007880000001750886
0.0008950000000186264
0.0007979999855160713
0.000775000003632158
0.0006919999793171882
0.0008660000003874302
0.0007800000044517219
0.0008170000021345913
0.0008009999990463256
0.0007750000013038516
0.0008820000034756958
0.0009490000060759485
0.0007780000194907189
0.0007970000058412552
0.000813000004272908
0.0008399999979883432
0.0008370000030845404
0.0009780000220052899
0.0009730000025592744
0.0008029999840073287
0.000756000007968396
0.0008129999996162951
0.0008460000040940941
0.0006919999909587205
0.0008109999937005341
0.0009290000097826124
0.0009260000055655838
0.0007549999956972897
0.000802999995648861
0.0008799999975599348
0.0008420000178739429
0.0008679999806918203
0.0007960000052116812
0.000848999978043139
0.0008049999992363155
0.000813000004272908
0.0008880000025965274
0.000807000023778528
0.0008450000127777457
0.0007820000126957893
0.0007599999848753214
0.0008190000080503523
0.0008059999998658896
0.0008620000071823597
0.0008909999835304916
0.0008550000004470348
0.0009520000056363643
0.0006819999916478992
0.0008159999921917915
0.0007719999924302102
0.0007179999956861138
0.0007209999999031424
0.0008359999884851277
0.0006469999952241778
0.0006469999928958714
0.000777999993879348
0.0006409999867901206
0.0006950000184588135
0.0007590000052005053
0.0007989999931305647
0.0007120000151917338
0.0008200000040233136
0.0007610000157728792
0.0008260000171139836
0.0007940000062808395
0.000832000004593283
0.0008089999924413859
0.0006799999927170575
0.0008810000075027347
0.0007540000043809414
0.000794000003952533
0.0007589999819174409
0.0007799999997951091
0.0007940000016242266
0.0007140000094659626
0.000805999985896051
0.000839000002015382
0.0008140000235289335
0.0008029999979771674
0.000738000008277595
0.0007960000005550683
0.0008940000087022781
0.0007859999942593277
0.0012420000089332461
0.0008149999915622175
0.000842999997548759
0.0007469999976456165
0.0009760000114329159
0.0007670000148937106
0.0009139999933540821
0.0009260000009089709
0.0008560000034049153
0.0009309999784454703
0.0008689999952912331
0.0008400000096298754
0.0008109999843873084
0.0008990000141784549
0.0008480000006966293
0.0008769999770447612
0.0009999999962747098
0.0008819999941624701
0.0009529999946244061
0.0008300000126473606
0.0007869999879039824
0.0009350000019185245
0.0010270000086165965
0.0009150000102818012
0.0008769999933429062
0.0009310000110417605
0.0009379999991506338
0.0009280000277794898
0.0009010000107809901
0.000860999992582947
0.0007670000032521785
0.0007769999885931611
0.0008929999941028655
0.0008529999828897416
0.0008090000017546117
0.0007939999969676137
0.0007930000079795718
0.0008580000000074506
0.0009729999932460487
0.0009510000166483224
0.0009600000036880374
0.0007970000011846423
0.0008919999958015978
0.0008709999988786876
0.0008609999995678663
0.0009250000165775418
0.0008179999887943268
0.0008270000037737191
0.0008790000039152801
0.0009330000053159892
0.0008539999695494771
0.00089799998793751
0.0008919999934732914
0.0008610000251792372
0.0008590000122785568
0.0008120000059716404
0.0008519999985583126
0.0009010000061243773
0.0012810000218451024
0.0008150000032037496
0.0009959999937564135
0.0008509999932721258
0.0008520000195130706
0.0009159999969415366
0.0008340000058524311
0.0008330000005662441
0.0008309999853372573
0.001009999990928918
0.0008549999864771962
0.0009490000084042549
0.0008739999844692648
0.0008769999840296805
0.0009140000119805336
0.000932000013999641
0.0009189999825321138
0.0009260000148788094
0.0008850000146776438
0.0009049999993294477
0.0009280000114813447
0.0008529999712482095
0.0009140000096522271
0.00093000000808388
0.0008939999807626009
0.0010530000040307641
0.0009970000036992133
0.0009150000009685755
0.0009850000054575502
0.0008890000078827143
0.0008949999907054007
0.0008670000033453107
0.0008469999977387488
0.0008509999932721258
0.0013410000270232558
0.0009500000113621354
0.0009130000020377338
0.0009219999867491424
0.0009570000017993152
0.000962999991606921
0.0009489999897778034
0.0009039999847300351
0.000890000001527369
0.0009590000146999956
0.0008600000222213567
0.0008509999979287386
0.0009019999974407256
0.0009600000106729567
0.0009549999865703285
0.00103899999987334
0.0009670000011101365
0.0009149999963119626
0.0008609999949112534
0.0009209999954327941
0.0009299999801442027
0.0011110000032931566
0.002612999998964369
0.0011389999999664724
0.0028779999911785125
0.0010869999881833793
0.001185999969020486
0.001084000002592802
0.001317000004928559
0.0019079999951645732
0.0010929999919608235
0.0015339999995194376
0.0013259999849833549
0.0012019999977201223
0.0014380000228993595
0.001378000001423061
0.0012550000054761768
0.0012679999927058816
0.001137999976053834
0.0010869999811984599
0.0010460000205785036
0.0010250000027008355
0.0017440000036731363
0.0010340000106953086
0.0009869999857619405
0.0011060000164434315
0.0009499999927356839
0.000994999995455146
0.0009610000089742243
0.0009469999955035746
0.0009570000157691538
0.0009449999826028943
0.0008429999859072268
0.0010209999955259263
0.0010760000185109674
0.0009820000105537473
0.0013290000008419156
0.001125000009778887
0.0015290000033564865
0.0010490000084973873
0.000994000001810491
0.0010450000036507845
0.0009789999946951866
0.0009170000092126429
0.0009420000086538494
0.001020000004209578
0.0009309999947436153
0.0010109999985434114
0.000877999986987561
0.0009230000153183937
0.0010149999940767885
0.0008829999971203506
0.0009550000075250864
0.0009390000137500465
0.0010599999991245568
0.0009510000026784838
0.0009879999910481275
0.0008879999862983823
0.0009729999979026615
0.0009560000034980476
0.0010219999891705812
0.000981000002939254
0.0009380000084638595
0.0009519999986514449
0.0009720000135712326
0.000952999999281019
0.0009319999930448831
0.000910000002477318
0.0009109999937936664
0.0008249999955296516
0.0009140000003390014
0.0008980000135488808
0.0009279999975115061
0.0008839999954216182
0.0009030000027269125
0.0009130000066943466
0.0009510000003501773
0.000976999995764345
0.0010160000016912819
0.000899000009521842
0.000997000001370907
0.0010130000114440918
0.001069999998435378
0.0008409999846480787
0.0008849999983794987
0.0009440000192262232
0.0010360000072978438
0.0009829999995417892
0.000965000013820827
0.0009090000088326633
0.0009410000033676625
0.0009970000176690518
0.0010080000339075922
0.0010480000195093452
0.000901000015437603
0.0009699999983422458
0.0009159999992698431
0.0009780000196769833
0.0009850000101141632
0.0010469999792985618
0.0010050000110641121
0.0010529999854043126
0.0010420000017620622
0.0011219999892637133
0.0009160000155679881
0.0009429999999701977
0.00096400000853464
0.001207999992184341
0.0009169999975711107
0.0010710000013932587
0.0010739999962970615
0.0009840000071562826
0.0009579999814741313
0.0009800000139512121
0.00084799999371171
0.0008580000116489828
0.00098900000564754
0.0009869999974034727
0.0010509999981150031
0.0009829999902285635
0.000839999991003424
0.0008850000100210309
0.0008800000068731606
0.0008889999939128756
0.0009619999793358148
0.0008640000084415078
0.0009749999991618097
0.0009780000033788384
0.0008379999967291951
0.001087000018451363
0.0009970000036992133
0.0010019999998621644
0.000994000022765249
0.0009400000097230076
0.001041999994777143
0.0010250000073574483
0.0009190000058151782
0.0009010000061243773
0.0009510000003501773
0.0009800000162795185
0.0008770000049844384
0.000853000006172806
0.0009489999944344163
0.0010889999871142209
0.0010569999925792218
0.000842999997548759
0.0009590000100433827
0.0009920000098645686
0.0011039999965578317
0.0009699999913573266
0.0010070000076666473
0.0008909999998286366
0.001000999992247671
0.0010749999945983291
0.0010430000093765556
0.0009360000072047114
0.0009749999898485839
0.0010130000114440918
0.00101400000276044
0.0010450000083073974
0.0009739999938756228
0.0009070000005885958
0.00104199999012053
0.0010270000109449029
0.0010120000038295984
0.000952999999281019
0.0010099999979138374
0.0009950000047683717
0.0010139999957755209
0.0010119999875314533
0.0009560000011697412
0.000982000008225441
0.0010470000095665454
0.0010679999855346977
0.0011859999946318568
0.0011790000088512899
0.0010319999884814024
0.0010750000062398613
0.0009339999943040312
0.0010370000032708048
0.0009699999936856329
0.0010069999913685024
0.0009449999919161201
0.0009819999989122152
0.000983000008855015
0.0010209999955259263
0.00097700001206249
0.0009629999962635339
0.0010329999914392828
0.0010240000183694064
0.0008950000046752393
0.0009589999797753989
0.0010049999807961285
0.0010969999921508133
0.0010179999913088977
0.0010100000095553696
0.0010239999927580358
0.000953999999910593
0.0009170000068843365
0.0010139999981038273
0.0010009999992325901
0.0010450000036507845
0.0011590000009164213
0.0009640000108629465
0.001001999992877245
0.0009059999906457961
0.0011160000204108655
0.0011590000009164213
0.001064000001642853
0.0010119999782182275
0.0010869999951682984
0.001051000002771616
0.0010050000110641121
0.001162999994121492
0.0010870000044815242
0.0009840000048279762
0.0009440000052563846
0.0011049999855458736
0.0010059999930672348
0.0009569999948143959
0.00108300001360476
0.0010809999657794833
0.0010380000132136048
0.0009840000071562826
0.0010060000070370733
0.0009010000200942159
0.0010210000118240714
0.0010750000202096998
0.0009540000022388995
0.0010489999921992421
0.0010990000027231873
0.0010020000068470835
0.0010569999809376895
0.0012070000078529119
0.0010060000093653797
0.0011330000031739473
0.0011119999922811984
0.000981999987270683
0.0010360000096261502
0.001036999993957579
0.001030000001192093
0.0010380000062286854
0.0010810000100173057
0.00099199999589473
0.0010540000000037254
0.0008720000111497938
0.0007649999926798046
0.0008440000144764781
0.0008769999863579869
0.0008400000212714076
0.0010890000010840594
0.0009819999895989895
0.0007589999889023602
0.0008790000178851187
0.0009169999952428043
0.0008389999950304628
0.0008869999926537275
0.0007599999872036278
0.000814999989233911
0.0008990000025369227
0.0008549999818205833
0.0008709999918937683
0.0009729999955743552
0.0007900000014342367
0.000903000005055219
0.0007720000133849681
0.0009919999982230365
0.0009500000183470547
0.0011529999948106705
0.0008279999950900674
0.000980000006966293
0.0008960000006482006
0.0009039999917149544
0.0008699999982491136
0.0011479999986477197
0.00123800000641495
0.0011789999948814511
0.001204999997280538
0.00124099999666214
0.001250000020954758
0.0014259999943897128
0.0011339999991469086
0.0012860000249929726
0.0012940000183880329
0.0013039999920874835
0.001142000004183501
0.001853999993763864
0.0012040000082924962
0.0020930000068619847
0.0011450000060722232
0.0011119999922811984
0.0010430000070482492
0.0009069999889470637
0.001042999995406717
0.00096100001828745
0.0010499999951571225
0.00095500000519678
0.0009990000096149743
0.0010690000001341105
0.000905999995302409
0.0009749999945051968
0.001046999995596707
0.0008849999937228858
0.0009449999989010393
0.000911999992094934
0.0011139999865554273
0.0009430000209249556
0.0009889999963343143
0.001019999992568046
0.0009770000074058771
0.0011469999980181457
0.0009679999854415655
0.0011770000122487544
0.000984999998472631
0.0010200000018812717
0.0010050000133924187
0.0010990000003948807
0.0010650000092573464
0.0011989999981597067
0.0010249999817460776
0.0011680000135675073
0.001016999955754727
0.0010169999953359365
0.0009260000009089709
0.0010430000000633299
0.0009450000012293458
0.0011049999902024866
0.0009890000033192336
0.0010409999941475689
0.0009790000040084124
0.001021000004839152
0.001021999993827194
0.0011239999905228615
0.0010670000012032688
0.001119999997317791
0.0010299999918788672
0.0010580000188201667
0.0010149999917484819
0.0010310000111348927
0.0010720000183209776
0.0010460000182501972
0.0010920000076293946
0.001122999992221594
0.0011230000155046582
0.0010560000059194863
0.0010010000015608965
0.0010779999964870514
0.0010300000035203993
0.0011029999912716448
0.0010749999736435712
0.0010949999932199717
0.0013530000112950801
0.0010460000112652778
0.0016130000003613532
0.001163000010419637
0.001048999996855855
0.0010800000024028123
0.001232000004965812
0.0011460000043734908
0.0013670000014826655
0.0010969999968074263
0.0011250000144354998
0.0010620000143535435
0.0010619999771006405
0.0010000000102445483
0.001156000008340925
0.0010680000064894556
0.0011470000073313712
0.0010520000103861093
0.0011109999963082374
0.001073999998625368
0.0010119999782182275
0.0011330000055022537
0.0011170000140555204
0.0011159999924711882
0.0010640000109560788
0.0009470000001601874
0.001046000001952052
0.001072999993339181
0.0010819999873638152
0.0010219999891705812
0.0010590000008232892
0.0009620000119321048
0.0009790000203065575
0.0010290000145323575
0.000998999981675297
0.0010909999907016755
0.0010410000034607946
0.0009339999873191118
0.001031999986153096
0.001058000004850328
0.0011300000105984509
0.0010330000054091216
0.0010649999952875079
0.001042000011075288
0.0010539999906904996
0.001182000001426786
0.000999000007286668
0.0009739999962039292
0.0010720000113360584
0.0010289999772794545
0.0012259999918751419
0.0010699999961070717
0.0010540000069886445
0.001073999993968755
0.001078999994788319
0.0010209999955259263
0.0010159999853931367
0.0009640000038780273
0.0010750000039115549
0.0010779999964870514
0.0011990000098012388
0.0009910000045783819
0.0010600000177510083
0.0010290000028908253
0.0011770000006072223
0.0010240000020712613
0.001045000001322478
0.0010580000118352473
0.0010719999857246876
0.001107000010088086
0.0011040000151842832
0.0010949999885633587
0.001126999999396503
0.001060999990440905
0.0010400000214576721
0.0011649999907240272
0.0010299999895505606
0.0010100000025704504
0.0010869999998249114
0.0010659999935887755
0.001040000005159527
0.0010720000066794454
0.001204999985639006
0.0011120000015944242
0.001080000007059425
0.0010399999911896885
0.0009759999928064644
0.001065000002272427
0.0011039999849162996
0.0010539999860338866
0.0010880000074394048
0.0011369999940507114
0.0010800000024028123
0.0010419999761506916
0.0010969999828375876
0.0010440000053495168
0.0010000000102445483
0.0012469999957829714
0.0012099999818019568
0.001098000006750226
0.001083000006619841
0.001058000009506941
0.001060999995097518
0.0010230000084266067
0.001116000001784414
0.001114999996498227
0.0010590000078082086
0.001176999972667545
0.0010729999910108745
0.0010679999832063913
0.0011350000137463213
0.0011129999998956918
0.0010710000013932587
0.0010929999919608235
0.0011209999956190587
0.0010929999826475977
0.0010560000129044055
0.0009969999920576812
0.0010790000110864639
0.0011459999880753457
0.0010719999833963812
0.0010980000160634518
0.0011529999878257514
0.001144999978132546
0.0010720000066794454
0.0011100000073201955
0.00109000000404194
0.0010870000068098308
0.0010500000067986549
0.0011030000005848705
0.0011389999953098596
0.0010979999974370003
0.0011519999848678708
0.001070999999064952
0.0010739999962970615
0.0012310000066645442
0.001025000005029142
0.0011539999931119383
0.0011329999915324152
0.0012160000088624655
0.001098999991081655
0.0011140000098384918
0.0011150000081397594
0.0010960000078193844
0.0011690000258386135
0.0010960000171326102
0.0011910000047646464
0.0010390000138431788
0.0011030000052414835
0.0011799999908544123
0.0012679999903775752
0.0011549999820999802
0.0010850000032223762
0.0010139999911189079
0.0010809999937191606
0.0010910000023432076
0.0012049999949522317
0.0011970000085420906
0.0010289999796077609
0.0011189999966882168
0.0011360000283457338
0.0011440000007860362
0.0011079999804496764
0.0010740000009536743
0.001093999994918704
0.001216999995522201
0.0011899999901652336
0.0011839999980293213
0.0010549999657087027
0.001109000004362315
0.0013940000045113265
0.0011849999963305892
0.00113099999492988
0.001094999995548278
0.00104199999012053
0.001111000021919608
0.0011449999967589974
0.0012219999963417648
0.001101000001654029
0.001108999983407557
0.0012099999911151826
0.0011039999825879932
0.0011379999970085918
0.0011920000077225267
0.0012060000048950315
0.0011740000150166452
0.0011360000050626695
0.0011049999902024866
0.0011669999966397882
0.0011100000003352762
0.001191999998409301
0.0010659999889321625
0.0011310000042431057
0.0011170000000856816
0.001446000002324581
0.0011530000017955899
0.001173000019043684
0.0011149999988265336
0.001083999981638044
0.0011270000133663416
0.0011750000156462192
0.0011849999986588955
0.0010770000005140901
0.001157999993301928
0.001153999981470406
0.001206999986898154
0.0011719999881461263
0.0011130000115372241
0.0012119999923743308
0.0011479999986477197
0.0011489999853074551
0.0011149999848566949
0.001123999992851168
0.0010709999850951136
0.0012939999951049686
0.0012049999926239251
0.0011070000240579248
0.0010780000081285835
0.0011450000060722232
0.0011530000064522029
0.001206999991554767
0.0011800000094808639
0.0011180000100284816
0.0011189999990165234
0.0011539999884553254
0.0011329999892041088
0.0011440000007860362
0.0011190000106580556
0.001092999989632517
0.0010930000012740492
0.0012210000050254166
0.0011579999816603958
0.0011140000051818788
0.0011500000045634807
0.0011859999829903244
0.0010680000018328428
0.001141000003553927
0.0011569999880157412
0.001118000007700175
0.0011269999877549708
0.0010590000008232892
0.0011340000038035213
0.0011349999997764826
0.001137999992351979
0.0011669999826699495
0.0011430000071413816
0.0012350000184960664
0.001126000010408461
0.0012349999858997762
0.0011490000039339067
0.0011009999993257225
0.0011690000025555492
0.001106999998446554
0.0012289999960921705
0.0010999999986961483
0.0011830000136978925
0.0011170000024139882
0.0011409999965690076
0.001151000012177974
0.00126300000352785
0.0011679999995976686
0.0011659999820403755
0.0011109999939799308
0.0011309999972581863
0.0011219999799504876
0.0011569999950006603
0.0010699999937787653
0.0011000000243075192
0.001157999997958541
0.0012240000115707516
0.0010820000036619603
0.0016270000021904707
0.0011010000039823353
0.0011540000257082284
0.0011750000063329934
0.0013289999938569962
0.0012070000008679927
0.0011630000243894757
0.0011420000204816461
0.0011880000145174563
0.0011119999969378114
0.001188999991863966
0.001184000007342547
0.0012069999962113797
0.0011949999909847975
0.0012079999945126473
0.0011010000086389483
0.0010309999901801348
0.0011139999818988145
0.0010810000030323863
0.0010560000082477927
0.0010390000068582594
0.0011970000038854778
0.00106500000692904
0.001295000014360994
0.0010350000089965762
0.0010829999973066152
0.0010869999881833793
0.0010630000103265048
0.001036000014282763
0.0013539999886415899
0.001282999988179654
0.0010170000023208559
0.0010899999877437949
0.0011459999997168778
0.001092000005301088
0.0010770000051707029
0.0011109999869950116
0.00111200001090765
0.0011240000114776194
0.0010300000081770121
0.0011039999988861381
0.0011269999924115837
0.0011500000045634807
0.001044000000692904
0.0011460000067017972
0.0012220000056549906
0.001190999976824969
0.001095999989192933
0.001102000002283603
0.0011459999973885714
0.0011370000010356308
0.0011180000007152558
0.0011910000070929527
0.0011150000034831464
0.0010909999930299819
0.0010430000117048622
0.0011340000038035213
0.0011280000046826899
0.001111999994609505
0.0010869999788701535
0.0011740000150166452
0.0011709999898448587
0.0011930000130087137
0.0011760000023059547
0.0011379999737255275
0.0011550000077113509
0.0010910000069998204
0.001117999986745417
0.001150000006891787
0.0010449999873526393
0.0011530000087805093
0.0011750000016763807
0.0011069999914616346
0.0011629999964497984
0.0013039999990724026
0.0011910000070929527
0.0011420000111684204
0.0011899999878369272
0.0012050000159069896
0.0012139999936334788
0.0011739999684505164
0.0013439999823458492
0.0011269999947398901
0.0011630000011064112
0.0011209999956190587
0.0011490000085905194
0.0011430000024847686
0.0011990000121295452
0.0011910000001080334
0.0011560000013560057
0.0012100000004284083
0.0011930000083521007
0.0012219999893568457
0.0010919999913312495
0.0011620000004768372
0.0012280000024475156
0.001165000016335398
0.0011920000216923655
0.0012060000095516442
0.0011250000074505806
0.0011549999890848994
0.0011659999913536012
0.0011380000086501241
0.0012269999971613289
0.0012540000025182962
0.0011640000040642918
0.0011359999771229923
0.0012060000142082572
0.0011690000141970813
0.0011610000114887953
0.001219000006094575
0.0012310000020079315
0.0012870000023394823
0.0011959999962709844
0.001149999990593642
0.0012339999992400407
0.0011780000058934093
0.0011559999990276993
0.0011190000222995877
0.0011640000017359854
0.0012859999877400695
0.0011889999965205788
0.0011530000041238963
0.001187000011559576
0.0011650000070221721
0.0011810000147670508
0.00122200001263991
0.0012030000030063093
0.001189000024460256
0.0012250000052154064
0.0011060000187717378
0.0012449999758973717
0.0011470000026747584
0.0011330000078305603
0.0012360000098124147
0.0011880000098608435
0.0013660000008530915
0.001267999995034188
0.0013659999845549464
0.0011639999831095339
0.0011650000140070915
0.0014880000031553208
0.0012699999939650298
0.0012230000202544033
0.0011619999911636114
0.0012269999901764095
0.0011919999914243818
0.0010310000157915055
0.0010479999985545873
0.001044999985024333
0.001185999985318631
0.0017509999917820096
0.0016580000007525087
0.0015410000132396818
0.001663999988231808
0.0017150000063702465
0.0013580000190995633
0.0014250000007450581
0.0012509999936446547
0.0013469999958761036
0.0014220000011846423
0.001657999991439283
0.0016150000016205014
0.0013719999906606972
0.001094000015873462
0.0010940000042319298
0.0011780000198632478
0.0013910000026226043
0.0017409999947994948
0.0015129999862983823
0.001516000006813556
0.0017250000056810678
0.0012419999879784882
0.001197999995201826
0.0013169999909587204
0.0011409999942407012
0.0012920000031590461
0.001170999992173165
0.001222999996971339
0.0015919999848119915
0.0013600000040605664
0.0012810000078752636
0.001185000012628734
0.0012240000092424452
0.0012360000051558017
0.0014200000115670265
0.0012280000280588865
0.0012459999951533974
0.0011790000135079026
0.0012049999996088445
0.0013389999931678175
0.0012610000208951532
0.0014799999864771962
0.0015730000007897614
0.0014760000025853515
0.0014529999904334546
0.001430000001564622
0.0015210000076331198
0.0014629999874159693
0.00136000000173226
0.0013889999967068433
0.001506000009831041
0.0012879999959841371
0.0012059999932534993
0.0012079999945126473
0.001223999997600913
0.0012430000072345137
0.001259999996982515
0.0013579999865032733
0.001466000007931143
0.0012309999857097863
0.0012699999962933362
0.0013060000026598572
0.001194999983999878
0.0012310000043362379
0.0013910000142641366
0.0012510000029578804
0.0012130000069737435
0.0012740000104531646
0.0011970000178553163
0.0012569999950937927
0.0013850000174716116
0.0012059999885968863
0.0013090000138618052
0.0012590000126510858
0.0012499999860301613
0.0012990000122226775
0.0012740000057965518
0.001275999997742474
0.001252000026870519
0.0013380000134930014
0.0014819999900646508
0.0016529999929480255
0.0013139999890699984
0.0012500000046566128
0.0012399999937042594
0.0012770000123418868
0.0012489999900572003
0.001282999999821186
0.0016389999957755208
0.0012009999831207097
0.0012739999848417937
0.0012029999936930835
0.0012279999931342899
0.0012739999825134873
0.0012550000008195639
0.0013060000352561475
0.001281999999191612
0.001228000009432435
0.0012819999782368542
0.0013109999871812762
0.0011869999836198986
0.0013050000136718154
0.0012880000052973629
0.001211999978404492
0.0014450000063516199
0.001350999989081174
0.0012250000052154064
0.0012999999965541064
0.0012650000141002239
0.0012849999801255762
0.0012470000004395842
0.0011929999943822622
0.0012470000004395842
0.0013389999908395111
0.0012230000109411776
0.0012349999975413083
0.0012619999912567438
0.001321000005118549
0.0013140000263229012
0.0012890000152401626
0.0012400000146590173
0.0012500000023283064
0.0012980000115931033
0.001262000009883195
0.0013590000104159116
0.001254999996162951
0.001258999987039715
0.001122999999206513
0.0014059999980963766
0.0012389999977312981
0.001220000011380762
0.0012480000010691584
0.0012069999682717024
0.00121599999954924
0.0012549999868497253
0.0012259999965317547
0.0013140000007115305
0.001150999995879829
0.0012129999906755984
0.0014770000101998449
0.0015580000006593763
0.0013889999850653111
0.001556999976746738
0.0012160000158473849
0.0012710000015795232
0.0011890000081621111
0.0012170000025071204
0.0012660000100731849
0.001289000001270324
0.001243000002577901
0.0012840000027790665
0.0012229999992996454
0.0012900000088848173
0.0012480000103823842
0.00129400001373142
0.0012029999936930835
0.001471000004094094
0.0012529999925754965
0.0012430000258609652
0.00129800001392141
0.0013209999934770166
0.001252000001259148
0.0013030000124126674
0.0012449999968521296
0.001292000024113804
0.0012460000161081553
0.0012189999991096556
0.0012770000123418868
0.001254999991506338
0.0012339999992400407
0.0012689999863505364
0.0012320000026375055
0.0013790000043809414
0.0012360000098124147
0.0012740000011399388
0.0014269999926909804
0.0012360000098124147
0.0012619999842718244
0.00135700001148507
0.0011530000064522029
0.0012699999986216426
0.0012409999943338334
0.0012729999772273003
0.0012640000157989563
0.001273999991826713
0.0013049999880604445
0.0012739999708719551
0.0012410000013187527
0.0012710000132210553
0.0014759999886155128
0.001237000017426908
0.001295000014360994
0.0012980000022798776
0.0011809999938122927
0.0013039999944157899
0.0012680000020191074
0.0012749999994412064
0.001243000014219433
0.0012670000060461461
0.001201000006403774
0.0013119999878108502
0.0012390000047162175
0.001307999996934086
0.0012459999858401717
0.0012910000118426979
0.0012320000096224248
0.001296999987680465
0.0012419999996200204
0.001321000000461936
0.0012300000060349702
0.0012859999970532953
0.0013220000104047357
0.0013350000116042792
0.0013560000015422702
0.001393999990541488
0.0012860000086948277
0.0013249999890103936
0.0012159999925643206
0.0012739999941550194
0.0012199999974109232
0.001236000016797334
0.001247000014409423
0.0013660000101663173
0.0013060000073164702
0.0012690000096336007
0.0014130000164732338
0.0012910000095143915
0.0012680000183172525
0.00122200001263991
0.001233000000938773
0.0012710000039078296
0.0012019999977201223
0.0012730000074952842
0.0012370000337250532
0.0012790000042878092
0.0017909999866969884
0.0013049999834038317
0.0013780000084079801
0.0013240000000223518
0.0012819999968633055
0.001259000007994473
0.0012680000020191074
0.00136000000173226
0.0012220000056549906
0.0012520000035874546
0.0012800000002607702
0.0012470000120811163
0.0011769999889656901
0.0013199999881908298
0.001245999988168478
0.0012029999890364707
0.0012839999864809216
0.0012159999972209334
0.0013569999882020057
0.0012250000052154064
0.001317000004928559
0.0014200000022538007
0.001219000001437962
0.0009749999945051968
0.0010140000097453594
0.0011000000033527613
0.0009899999899789691
0.0009819999895989895
0.0011319999978877603
0.0010069999913685024
0.0011049999995157123
0.0009739999752491713
0.0010439999937079847
0.0015930000133812427
0.0014150000014342369
0.00139400000218302
0.0014719999954104423
0.0014020000002346934
0.0014620000147260725
0.0014370000059716404
0.001422000010497868
0.001334999983664602
0.001378999997396022
0.0010139999957755209
0.001069999998435378
0.0012279999954625965
0.0010609999997541308
0.0011169999977573752
0.001015999992378056
0.0011239999788813294
0.0010219999891705812
0.0012379999947734178
0.0011930000223219395
0.0012740000104531646
0.0011780000058934093
0.0011069999868050218
0.0012380000040866435
0.0011469999980181457
0.0012609999929554761
0.0011320000048726797
0.0011349999974481762
0.0012569999997504055
0.0012409999826923012
0.0011559999757446348
0.0011409999919123948
0.00131900001084432
0.0011170000024139882
0.00129700000397861
0.0013489999854937196
0.001261999998241663
0.0012470000120811163
0.0011459999927319587
0.0011730000167153776
0.001244000014849007
0.0011129999929107726
0.0012159999785944819
0.0012919999891892076
0.0012090000067837537
0.0013250000029802322
0.0012189999921247362
0.001331999988760799
0.0012110000103712083
0.001295000002719462
0.0012770000007003546
0.0015089999954216182
0.0011739999987185
0.0013200000044889747
0.0012430000165477395
0.0013480000128038227
0.0012549999845214187
0.0012689999910071492
0.0012610000069253147
0.0011519999848678708
0.0012710000085644423
0.0012649999954737724
0.0012289999984204769
0.0012770000123418868
0.0012169999885372818
0.001249999995343387
0.0013779999990947544
0.0013079999829642476
0.0013120000017806887
0.0012120000063441693
0.001177999982610345
0.0012330000032670797
0.0012970000109635293
0.0011939999926835298
0.0012429999955929816
0.0012660000054165721
0.0012210000003688038
0.0013019999908283353
0.0012650000164285303
0.0011900000064633787
0.0012429999955929816
0.0012170000025071204
0.0012930000037886203
0.0012420000042766333
0.0012090000044554473
0.001178999999538064
0.001325000012293458
0.0012719999789260327
0.0012070000008679927
0.001612999988719821
0.001298999993596226
0.001320999979507178
0.001321000012103468
0.001253999990876764
0.0013250000099651515
0.0013930000062100589
0.0012780000059865416
0.00127300001680851
0.0012719999719411135
0.0012459999928250908
0.0012869999837130308
0.0012119999923743308
0.0012609999952837825
0.0012250000052154064
0.001239000023342669
0.0014360000332817435
0.0012140000052750111
0.0013410000083968043
0.0012430000072345137
0.001230999988038093
0.0012819999968633055
0.0013350000069476664
0.0014000000013038515
0.001273999996483326
0.0012560000107623636
0.0013030000030994416
0.0012930000014603137
0.001303000000771135
0.0012259999942034483
0.0012869999976828695
0.0012999999965541064
0.0012950000003911556
0.0012799999956041575
0.0013219999941065908
0.001282999995164573
0.0012370000313967466
0.0012760000303387643
0.0012139999819919466
0.0013199999881908298
0.0012389999628067017
0.001261000013910234
0.0012920000217854976
0.0012590000173076988
0.0012850000336766243
0.0014399999938905239
0.0012850000197067856
0.0012230000318959355
0.0012340000038966537
0.001282999999821186
0.0012680000066757201
0.0012290000123903156
0.0012460000114515423
0.0012609999999403953
0.001283999956212938
0.0012659999961033464
0.001273000012151897
0.0015009999927133322
0.0013010000018402934
0.0012400000216439366
0.0013040000014007092
0.0013429999817162752
0.001197999999858439
0.0012450000224635005
0.0013459999579936266
0.0013590000057592988
0.0012920000031590461
0.0012839999748393894
0.0012960000243037938
0.0013240000139921903
0.001292999954894185
0.0012910000002011657
0.0012999999802559615
0.001289000017568469
0.0013310000440105796
0.001226000008173287
0.0013010000064969064
0.0012849999777972698
0.001280999989248812
0.001300000031478703
0.0013139999704435469
0.001308000022545457
0.0012979999650269748
0.0012810000218451024
0.0013120000064373017
0.0013790000136941671
0.001282000015489757
0.0013300000503659248
0.0013030000403523444
0.00129099999088794
0.0012909999769181012
0.0012259999755769968
0.0012689999816939235
0.0012790000019595026
0.0012309999857097863
0.001322000017389655
0.0012230000412091612
0.0013300000224262475
0.0012930000200867652
0.0012159999785944819
0.0013000000175088643
0.001403999994508922
0.0014160000113770366
0.0013459999673068523
0.0012979999976232648
0.001224000002257526
0.0013009999832138419
0.001286999979056418
0.0012539999978616835
0.0013949999772012234
0.0012700000219047069
0.00133199998177588
0.001278000008314848
0.00129700000397861
0.001283999988809228
0.0013209999771788717
0.0012709999969229102
0.0012810000125318766
0.0012789999973028899
0.0012360000191256404
0.0012750000134110452
0.0012519999779760837
0.001228999993763864
0.0012429999932646752
0.0013179999776184558
0.001235999995842576
0.0012449999991804362
0.001339000016450882
0.0014119999995455147
0.0012299999594688415
0.0012140000285580754
0.0012229999760165811
0.0012269999645650386
0.0012629999918863178
0.0012300000339746475
0.0012309999484568833
0.001321999984793365
0.0012560000224038958
0.0012810000125318766
0.0013280000118538738
0.0012840000027790665
0.001392000038176775
0.0012900000018998981
0.0012989999540150166
0.0018529999954625964
0.0013079999759793282
0.0013029999658465386
0.0016979999840259553
0.001281000031158328
0.0013109999755397438
0.0017180000292137266
0.0012179999984800816
0.0014000000059604645
0.001673999992199242
0.0013209999911487102
0.0013010000064969064
0.001876000016927719
0.00129700000397861
0.0012920000031590461
0.0016709999926388264
0.001278000003658235
0.0012590000266209246
0.001813999991863966
0.0012959999963641166
0.0011300000175833702
0.0011589999822899698
0.001112999990582466
0.0011800000490620733
0.0011919999960809946
0.0011649999488145112
0.0011019999952986837
0.0011370000336319208
0.001306999954394996
0.0010950000071898102
0.0012789999973028899
0.0012940000183880329
0.0010529999807476998
0.0013020000141113998
0.0012030000006780029
0.0012119999760761857
0.001282999967224896
0.001254999996162951
0.001207000040449202
0.0012549999821931123
0.0011160000041127204
0.0012110000010579825
0.0013660000311210751
0.0011390000162646175
0.0011240000138059258
0.001288999980315566
0.0013310000253841281
0.001194000020623207
0.0013929999666288495
0.001193000003695488
0.0013359999842941762
0.0012220000103116036
0.0012479999754577875
0.0012689999816939235
0.0012220000103116036
0.001477999989874661
0.0011929999990388752
0.0012379999598488211
0.0011760000232607125
0.0012530000135302544
0.001235000011511147
0.0012320000072941185
0.0012560000084340572
0.0012549999821931123
0.0012349999882280826
0.0012100000539794565
0.001375000006519258
0.0012150000128895045
0.001149999974295497
0.0013670000154525042
0.0012619999935850501
0.0013210000144317747
0.0015049999812617898
0.0012060000281780957
0.0013130000047385693
0.0016900000162422657
0.0012509999983012676
0.0017169999843463302
0.001420000004582107
0.0012930000154301525
0.0013469999982044102
0.0014700000220909714
0.001230000020004809
0.0011850000265985728
0.001474999999627471
0.0013240000186488033
0.0012229999667033554
0.0012670000223442912
0.0013070000149309636
0.0012429999932646752
0.0013730000145733357
0.0012279999582096935
0.0012769999913871289
0.001314999950118363
0.0013390000257641078
0.00129099999088794
0.0012730000261217357
0.001296999976038933
0.001327999969944358
0.0021259999787434937
0.0012949999794363975
0.0013609999883919955
0.0015100000146776437
0.0012149999616667627
0.0014130000118166208
0.0012779999570921062
0.001280000009573996
0.0012880000425502657
0.0012719999812543393
0.00134400000795722
0.0012160000018775464
0.0013159999996423721
0.0013540000189095735
0.0012619999656453729
0.0013370000291615725
0.0014560000086203217
0.0012939999857917428
0.0014110000105574728
0.0012589999893680215
0.0013430000422522425
0.0012809999706223608
0.0013140000076964497
0.001297999988310039
0.0013259999779984355
0.0013769999844953419
0.0013019999954849482
0.0012559999665245414
0.0013030000124126674
0.0013510000286623837
0.00131799996830523
0.001347000002861023
0.0013540000282227993
0.0013319999864324927
0.0012900000065565109
0.0013430000096559525
0.0013310000160709024
0.0012750000087544322
0.0012630000105127693
0.00125900000333786
0.001613000021316111
0.001350999977439642
0.001306999959051609
0.0012980000069364906
0.0012740000104531646
0.0014559999853372575
0.0013030000124126674
0.001328000039793551
0.001350000030361116
0.0012840000027790665
0.0013400000100955366
0.0013050000322982669
0.0012139999866485596
0.001291000028140843
0.0013079999713227152
0.0012750000134110452
0.001271000006236136
0.0012789999973028899
0.0013000000035390258
0.0012689999863505364
0.0012849999917671085
0.001280999993905425
0.0012749999715015291
0.0012669999850913882
0.0013579999934881925
0.001373000000603497
0.0013719999976456166
0.001329999971203506
0.001286999979056418
0.0013019999815151095
0.0014610000187531113
0.0012889999989420175
0.0012809999845921993
0.001509000016376376
0.0013029999751597644
0.0013259999779984355
0.0012869999697431923
0.0013359999796375632
0.0013389999559149145
0.00134399997536093
0.0012670000223442912
0.0013170000072568655
0.0013230000389739872
0.0013079999946057797
0.001333999987691641
0.0015000000083819033