0.0022120022773742675
0.0008570027351379395
0.0010650002956390382
0.0009190022945404052
0.0028379976749420164
0.0013309931755065918
0.0012499964237213134
0.0013280081748962402
0.004946991205215454
0.0006690216064453125
0.0005459988117218018
0.00025999903678894045
0.000288999080657959
0.00026700615882873535
0.00031600117683410644
0.00027100324630737306
0.00029399991035461426
0.00026400089263916015
0.00027900338172912595
0.00026799798011779786
0.00045400500297546384
0.0003009951114654541
0.0004240095615386963
0.0008360064029693604
0.0005699992179870605
0.0004079997539520264
0.00034099578857421875
0.0002630043029785156
0.00023499965667724609
0.00026100039482116697
0.0002780008316040039
0.0002770090103149414
0.00027600288391113284
0.0002530002593994141
0.0002990114688873291
0.0002589976787567139
0.0002759909629821777
0.00028100967407226565
0.00027199625968933106
0.0005160033702850342
0.0004270029067993164
0.0003580033779144287
0.0006690084934234619
0.0004350018501281738
0.0004509913921356201
0.0002880048751831055
0.00027000069618225096
0.0005200004577636719
0.0002779996395111084
0.0003020060062408447
0.00027599811553955076
0.00026100039482116697
0.0002859973907470703
0.00027000069618225096
0.00038099884986877444
0.0002690005302429199
0.0003150022029876709
0.0002820014953613281
0.0004140007495880127
0.0002940011024475098
0.00034599781036376954
0.00028300166130065915
0.0003029990196228027
0.0002939927577972412
0.0003090035915374756
0.0004850006103515625
0.000456998348236084
0.00047600269317626953
0.0007100152969360352
0.000682997703552246
0.0006720054149627685
0.0004219961166381836
0.0004139888286590576
0.0004789984226226807
0.0006850063800811768
0.0009820044040679931
0.0007550013065338135
0.00035199522972106934
0.0005150055885314942
0.00037999510765075685
0.0005230081081390381
0.0005300021171569824
0.0005019927024841309
0.0004510033130645752
0.0005070030689239502
0.0010080015659332275
0.0007210016250610351
0.0008059978485107422
0.0009240067005157471
0.0005150020122528076
0.00044199705123901365
0.00041000008583068847
0.0003719973564147949
0.00039501070976257326
0.000373992919921875
0.0004119956493377686
0.0003699982166290283
0.0005530011653900146
0.0004450058937072754
0.0006620109081268311
0.0007310056686401367
0.0007560014724731446
0.0005620133876800537
0.0005719983577728272
0.000765998363494873
0.0007710015773773193
0.0005400002002716065
0.0012109935283660888
0.0008870041370391845
0.0007300019264221191
0.000981009006500244
0.0007230079174041748
0.0006529998779296875
0.0008670008182525635
0.0007780027389526367
0.0008499956130981445
0.0007800006866455078
0.0007469975948333741
0.0009409987926483154
0.0008740079402923584
0.0005120038986206055
0.0007709956169128418
0.000792994499206543
0.003083009719848633
0.0009160017967224121
0.0010589981079101563
0.0007789981365203857
0.000643010139465332
0.0008989942073822022
0.000736006498336792
0.0007819986343383789
0.0009669959545135498
0.0008239877223968505
0.0009949994087219238
0.0008330023288726806
0.001081991195678711
0.0009759986400604249
0.0008459889888763428
0.0009599995613098145
0.0007670056819915771
0.0021139979362487793
0.001007000207901001
0.0007860088348388672
0.0010800015926361083
0.00078299880027771
0.000991997718811035
0.0008329975605010986
0.0010130035877227784
0.0007610034942626953
0.001248997449874878
0.0008109986782073974
0.0009779989719390868
0.0008169996738433838
0.0007749962806701661
0.001035006046295166
0.0009189999103546143
0.0007780003547668457
0.0009929966926574708
0.0014369940757751464
0.0007669997215270997
0.000745997428894043
0.0008389985561370849
0.000745992660522461
0.0009459972381591797
0.0008569991588592529
0.0005450046062469482
0.000942997932434082
0.0006320011615753173
0.0009119975566864014
0.0006969940662384034
0.0005760025978088379
0.0008729994297027588
0.0006590008735656739
0.0015030038356781007
0.0008059954643249512
0.0008619928359985352
0.000895003080368042
0.0009960126876831055
0.0010809969902038574
0.0011460137367248534
0.0009659981727600098
0.002041002511978149
0.0013769996166229249
0.0007899940013885498
0.0007240009307861328
0.0012639880180358887
0.0012750065326690675
0.0007260048389434815
0.0010939955711364747
0.0010629916191101075
0.0008880007266998291
0.0009279990196228027
0.0010960018634796143
0.0007380044460296631
0.0007939994335174561
0.0010339999198913574
0.0006799924373626709
0.0006689977645874023
0.0009429991245269775
0.0006220018863677978
0.0009359979629516602
0.0009619951248168946
0.0008510017395019532
0.001006004810333252
0.0005599987506866455
0.0009149956703186035
0.0010069990158081054
0.0010599958896636962
0.0010109937191009521
0.0013090038299560546
0.0007839953899383545
0.0008329987525939941
0.0010600054264068603
0.0008269953727722168
0.0008130037784576416
0.000848006010055542
0.0007199954986572266
0.0008940041065216064
0.0011630022525787353
0.0008080005645751953
0.0008900046348571777
0.0008129978179931641
0.0009700000286102295
0.0006949961185455322
0.001202000379562378
0.0006840002536773682
0.0015429961681365967
0.0007430064678192139
0.0006760025024414063
0.0008889997005462647
0.0010199999809265136
0.0010850012302398681
0.001230006217956543
0.0008770000934600831
0.0008419954776763916
0.0006599974632263184
0.0007739973068237305
0.0007019925117492676
0.0010439932346343994
0.000885000228881836
0.0009069955348968506
0.001055992841720581
0.00098099946975708
0.0008620035648345948
0.0008219993114471436
0.0008150005340576172
0.000764002799987793
0.0008330106735229492
0.002203998565673828
0.0007490015029907226
0.0008239924907684326
0.0008549988269805908
0.0007379984855651855
0.000773012638092041
0.0007760071754455566
0.0008280003070831299
0.0007939958572387696
0.0009500074386596679
0.0008060014247894287
0.0008639979362487793
0.0007079935073852539
0.0007420098781585694
0.0007089948654174804
0.0007470023632049561
0.0007819902896881104
0.000744006633758545
0.0008109986782073974
0.0007429957389831543
0.000857994556427002
0.0010479974746704101
0.0010739898681640626
0.001322997808456421
0.0008850085735321045
0.0011159980297088623
0.001099996566772461
0.0010190093517303466
0.001025998592376709
0.0008180058002471924
0.0009850120544433593
0.0008130013942718506
0.0009959995746612548
0.0008190059661865234
0.0009399986267089843
0.0007929933071136474
0.000828005075454712
0.0008080005645751953
0.0010040080547332763
0.000977001190185547
0.0008159971237182617
0.00088700532913208
0.0009219884872436523
0.0008540046215057373
0.0008290004730224609
0.0008150029182434082
0.0008479952812194824
0.0008509945869445801
0.0007469964027404785
0.0008040058612823486
0.0011209917068481445
0.0009900009632110595
0.001063007116317749
0.0008800029754638672
0.0011969935894012452
0.0009539914131164551
0.000775996446609497
0.0011999976634979247
0.0007799994945526123
0.0014360010623931884
0.0016349947452545166
0.0008639979362487793
0.0007889950275421142
0.0007570016384124755
0.0008079993724822998
0.0007640051841735839
0.0008269989490509033
0.000672992467880249
0.0010970032215118408
0.0007569992542266846
0.0008109879493713379
0.0007490015029907226
0.0007499992847442627
0.00082999587059021
0.0010350048542022705
0.0010670030117034912
0.0009720122814178467
0.0009160065650939942
0.0008410084247589112
0.0008560013771057129
0.0007630002498626709
0.0006840026378631592
0.0008960020542144775
0.0007200026512145996
0.0007489991188049317
0.0010710036754608154
0.0010199987888336183
0.0007710075378417969
0.0006379973888397217
0.0007630026340484619
0.0007999897003173828
0.00078299880027771
0.0013199949264526367
0.0009360039234161377
0.0008279979228973389
0.0007520043849945069
0.0007819974422454834
0.0008010053634643554
0.0007230031490325927
0.000810009241104126
0.0008530020713806152
0.0008529937267303467
0.0008759951591491699
0.0007629954814910889
0.0007789993286132813
0.0008129990100860596
0.001231989860534668
0.0012689995765686034
0.0008009970188140869
0.0007809984683990478
0.000745009183883667
0.000813000202178955
0.0008500051498413086
0.0008730030059814453
0.0007679975032806397
0.0011789941787719728
0.0007940030097961426
0.0007719957828521729
0.0008339941501617432
0.0008050036430358886
0.0008299934864044189
0.0008159959316253662
0.0009490060806274414
0.0008320069313049317
0.000820995569229126
0.0007659959793090821
0.0011819958686828612
0.000886995792388916
0.0007139956951141358
0.0009020042419433594
0.0008230054378509521
0.0007899975776672363
0.000913996696472168
0.0012000000476837158
0.0008670079708099365
0.0010870063304901122
0.001091001033782959
0.0010949981212615967
0.0009390068054199219
0.000942000150680542
0.0009729993343353271
0.0012640023231506347
0.0008970034122467041
0.0009820079803466797
0.00108900785446167
0.0010859942436218261
0.0009580063819885254
0.0009089910984039307
0.0008320021629333496
0.0007240056991577148
0.0007969999313354492
0.0015820062160491943
0.0009040093421936035
0.0007200062274932862
0.000859001874923706
0.0007389950752258301
0.0008970010280609131
0.001129995584487915
0.0009539937973022461
0.0009579968452453614
0.0011760056018829345
0.0009559988975524902
0.0011690008640289308
0.0010700023174285889
0.0009290063381195068
0.0012129998207092284
0.0007539916038513183
0.0008150005340576172
0.0010070013999938965
0.0008529984951019287
0.0007390046119689942
0.0007899975776672363
0.0009390056133270263
0.0008109903335571289
0.0007529985904693603
0.0009769988059997558
0.00080100417137146
0.001036994457244873
0.0009609973430633545
0.0009189975261688232
0.0012980008125305176
0.0008259987831115722
0.0014060103893280029
0.0010339951515197755
0.0012000012397766113
0.0007990038394927978
0.0007670021057128906
0.0008729946613311768
0.0008039975166320801
0.0007779967784881592
0.0010349977016448975
0.0008929967880249023
0.0010029947757720947
0.0009460020065307618
0.0010880005359649658
0.0008749973773956299
0.0009470033645629883
0.001100994348526001
0.0009390068054199219
0.0009099960327148438
0.0008349931240081787
0.0009829998016357422
0.0008639931678771972
0.000999993085861206
0.0008520007133483887
0.0009830105304718018
0.0009059977531433106
0.0008589982986450196
0.0010229969024658204
0.0008890044689178467
0.000830998420715332
0.0007830047607421875
0.0008400022983551025
0.0015100061893463135
0.0011420023441314697
0.0009040093421936035
0.0008490002155303955
0.0008219969272613525
0.0008859968185424804
0.000923992395401001
0.000857999324798584
0.000829998254776001
0.0007989966869354248
0.0010199952125549317
0.0009159982204437256
0.0008290016651153565
0.00089699387550354
0.0010340046882629395
0.0011189961433410644
0.0013349974155426026
0.0009710049629211426
0.0013229942321777344
0.0015949964523315429
0.0009679985046386719
0.001083998680114746
0.0008380007743835449
0.0008930015563964844
0.0009800004959106445
0.0009499967098236084
0.001071997880935669
0.000895003080368042
0.0009289968013763427
0.001251007318496704
0.0008920037746429443
0.0009350025653839111
0.0011280059814453125
0.000942995548248291
0.000943000316619873
0.0010089969635009766
0.0009460055828094483
0.0008879995346069336
0.0009059977531433106
0.0015999984741210938
0.00086700439453125
0.0009100067615509033
0.0010309922695159912
0.001204003095626831
0.0011950087547302245
0.001326996088027954
0.0009219956398010254
0.0009099960327148438
0.0008740019798278808
0.0009019947052001953
0.0009569990634918213
0.0009090077877044678
0.0011300063133239746
0.0009880030155181884
0.0009570014476776123
0.0010509943962097167
0.0011719965934753418
0.0009089934825897216
0.0008820068836212159
0.0009440064430236816
0.0008280003070831299
0.0012820029258728027
0.0009550011157989502
0.0009809982776641845
0.0009540057182312011
0.0009599995613098145
0.0008709943294525147
0.0011180007457733154
0.000968998670578003
0.0009750068187713623
0.0012209975719451904
0.000895998477935791
0.0010689949989318847
0.0009430122375488282
0.0009140074253082275
0.0010409915447235107
0.000999009609222412
0.0009369909763336182
0.0009460008144378662
0.0009980058670043944
0.0009829986095428467
0.0013179993629455567
0.000895988941192627
0.0009629940986633301
0.0008559966087341308
0.0009559965133666992
0.0009850013256073
0.0009489965438842774
0.0008610081672668457
0.0009100008010864258
0.0010509979724884033
0.0009609997272491455
0.0009849965572357178
0.0010039985179901123
0.000991004705429077
0.0009919965267181396
0.0009130001068115235
0.0009720027446746826
0.0009489977359771729
0.0009480023384094238
0.0011409950256347657
0.001147005558013916
0.0009379959106445312
0.000986994504928589
0.0012509989738464355
0.0011149942874908447
0.0009999942779541015
0.0009289979934692383
0.0016189980506896972
0.0009440040588378906
0.001165006160736084
0.0011920034885406494
0.0015250039100646972
0.0010239994525909424
0.0011799991130828857
0.0012120068073272704
0.0013579976558685302
0.000905998945236206
0.0010129916667938233
0.0009479999542236328
0.000941004753112793
0.0009989988803863524
0.0009759998321533203
0.0009500074386596679
0.0009950029850006104
0.0009599959850311279
0.0009419941902160645
0.0009630012512207031
0.0009890079498291015
0.0009260010719299316
0.0010169875621795655
0.0009490001201629639
0.0010530006885528563
0.0009739983081817627
0.0009400045871734619
0.0009680116176605225
0.0009740030765533447
0.0009660041332244873
0.0011929965019226074
0.0009510016441345215
0.0009160017967224121
0.0009350037574768067
0.0015680027008056641
0.0009349894523620606
0.0009939968585968018
0.0009650003910064698
0.0009619855880737305
0.0011050057411193847
0.0008669984340667724
0.0009760010242462158
0.0008540022373199463
0.0008659994602203369
0.0013950061798095703
0.0009730029106140137
0.0009719884395599365
0.0011500000953674316
0.0009709954261779785
0.0013539981842041015
0.0019840013980865477
0.0010049915313720703
0.0011790096759796143
0.0009559965133666992
0.000979996919631958
0.0009520018100738526
0.0012640070915222168
0.0011849987506866455
0.0009240019321441651
0.0009320032596588135
0.0010420060157775878
0.0009870016574859619
0.0010940051078796387
0.001061004400253296
0.001045994758605957
0.0009570038318634034
0.0009590029716491699
0.0009459948539733887
0.0011290085315704345
0.001137005090713501
0.0011210060119628907
0.0010829973220825195
0.0017959940433502197
0.0010269951820373535
0.001089000701904297
0.001144005060195923
0.0013790035247802734
0.0010530054569244385
0.0009740030765533447
0.0009880018234252929
0.0009379959106445312
0.0010729968547821046
0.001017005443572998
0.0010350000858306884
0.0010299956798553466
0.0013099956512451173
0.0009289991855621338
0.0008279931545257568
0.0009009969234466552
0.0010199999809265136
0.0008549940586090088
0.0009290063381195068
0.0009209990501403808
0.0008340060710906982
0.001090996265411377
0.0010800063610076904
0.0011169993877410888
0.0010169970989227296
0.0009549987316131591
0.0009119963645935059
0.0008140039443969726
0.0009369993209838867
0.0012929999828338622
0.0009849989414215088
0.0010629987716674805
0.0009610044956207275
0.0008920025825500488
0.0010840141773223878
0.0009960019588470459
0.0010239899158477784
0.0010019969940185548
0.0010039985179901123
0.0009380018711090088
0.0015089988708496093
0.0009930014610290527
0.0010669994354248046
0.0010809969902038574
0.0009939980506896973
0.0009800004959106445
0.000989995002746582
0.000961000919342041
0.0010819995403289794
0.0009400010108947754
0.0012659931182861328
0.0009619975090026855
0.0009840035438537598
0.0009580004215240478
0.0010120010375976563
0.000997004508972168
0.000960996150970459
0.0009659981727600098
0.0013909983634948732
0.0011439967155456544
0.0010740065574645996
0.0010499989986419679
0.0010789942741394043
0.0009799933433532716
0.001102001667022705
0.0009669935703277587
0.0009909904003143311
0.0010300052165985107
0.0010270011425018311
0.0012100005149841308
0.001223006248474121
0.003044004440307617
0.0012230074405670166
0.0011199963092803954
0.001202998161315918
0.0010500037670135498
0.0010340023040771485
0.0010939979553222657
0.0009150052070617676
0.0010319983959197999
0.0009669876098632813
0.0009830045700073243
0.0009290122985839844
0.0009309971332550049
0.001039987802505493
0.001025993824005127
0.0011179983615875245
0.0009940028190612792
0.0009470021724700927
0.0010460078716278075
0.0010159981250762939
0.0011640000343322754
0.000961998701095581
0.0009880030155181884
0.0017039966583251953
0.0010220038890838624
0.0010660028457641602
0.0010869956016540526
0.0009819936752319335
0.0010600018501281739
0.0010579931735992432
0.0011629998683929444
0.0011750006675720216
0.0013559985160827637
0.0010519993305206298
0.0009460031986236572
0.00106500506401062
0.0011250007152557374
0.0011530017852783203
0.001025996208190918
0.0010449981689453125
0.001117004156112671
0.001092996597290039
0.001063014268875122
0.0010870003700256348
0.0010290002822875976
0.0010099947452545167
0.0010149991512298584
0.0010650014877319335
0.0010859990119934083
0.0010539913177490235
0.0010519897937774658
0.001036008596420288
0.0010400009155273437
0.0010900068283081054
0.0010530018806457519
0.0011420047283172607
0.0011700093746185303
0.0010990059375762938
0.0010840070247650146
0.001072995662689209
0.0011209988594055177
0.0010309982299804687
0.0011410021781921387
0.0010059988498687744
0.0010729968547821046
0.0010900020599365235
0.0012010133266448975
0.0010769975185394287
0.0011330008506774901
0.0010010027885437012
0.001081002950668335
0.001169987916946411
0.0011609983444213867
0.0011109960079193114
0.0009100031852722168
0.0010260009765625
0.0008809947967529297
0.0009640002250671387
0.0010870051383972167
0.0009150016307830811
0.0011190056800842285
0.0010950052738189697
0.0009429967403411866
0.0010399961471557618
0.001022998094558716
0.0011160027980804442
0.0009109997749328614
0.0010390019416809083
0.0009769928455352784
0.0009349918365478515
0.0012439978122711181
0.0010170078277587891
0.0009690022468566894
0.0011300039291381836
0.0009549963474273682
0.001107994318008423
0.0012740004062652588
0.0011150074005126954
0.0010029983520507813
0.0010109996795654296
0.0012869989871978759
0.0010679960250854492
0.0009520065784454346
0.0011530041694641114
0.0011000001430511474
0.0013180005550384522
0.0014349937438964844
0.0012020063400268555
0.0013259971141815186
0.0012320053577423095
0.0012529933452606202
0.001299995183944702
0.0011639976501464843
0.0013259875774383546
0.001009002923965454
0.0010780060291290282
0.0011159980297088623
0.0010710024833679198
0.0010750079154968261
0.0010879933834075928
0.0012450039386749268
0.0010080039501190186
0.0015820026397705077
0.0011520016193389893
0.0011250042915344238
0.0011290013790130615
0.0011299991607666017
0.001057997941970825
0.0010579943656921387
0.0011490082740783691
0.0011720001697540284
0.0011140036582946778
0.0011089980602264405
0.001139991283416748
0.0011120009422302245
0.0011039984226226807
0.0011230003833770752
0.0011460018157958985
0.0010690045356750487
0.0009490013122558594
0.0010869884490966797
0.0010230040550231934
0.0011160004138946534
0.0010789990425109862
0.0010870039463043214
0.0010860013961791993
0.0013019990921020507
0.0011750054359436035
0.0013489961624145509
0.0012660062313079835
0.0013960039615631104
0.0013269984722137451
0.0012640023231506347
0.001227998733520508
0.0014110147953033448
0.0016390037536621093
0.0013939929008483887
0.0017469990253448486
0.001464996337890625
0.0015240001678466797
0.0013029992580413819
0.0012610054016113281
0.0014649975299835206
0.0015250062942504883
0.0014079904556274414
0.0014149963855743409
0.0014509963989257813
0.0014259994029998779
0.0013090109825134278
0.0017620015144348144
0.0017049968242645263
0.0012460112571716308
0.0011000025272369385
0.0015090000629425049
0.0010330045223236083
0.0011109912395477295
0.0011040031909942626
0.0011119937896728516
0.001174997091293335
0.0015299880504608154
0.0012099957466125489
0.0011250030994415282
0.0011299991607666017
0.001135004758834839
0.0011270010471343993
0.0011410021781921387
0.0010929906368255615
0.0011629891395568848
0.0010579967498779298
0.0012380039691925048
0.0010740041732788086
0.0010869896411895752
0.0011159992218017578
0.001354999542236328
0.001184999942779541
0.0011160051822662353
0.0011169958114624024
0.0011459946632385253
0.0011970043182373048
0.0011249971389770508
0.001145991086959839
0.0011780059337615967
0.001183006763458252
0.0011130082607269287
0.0011069989204406739
0.0010210001468658448
0.0010480010509490967
0.0010570061206817626
0.0013089966773986816
0.0012289929389953614
0.0013670003414154052
0.0013950002193450928
0.0010009944438934327
0.0010529959201812744
0.0010400092601776123
0.0010939979553222657
0.0010600030422210694
0.0009569990634918213
0.0010770058631896973
0.0010309970378875731
0.0010789954662322999
0.0011819934844970704
0.0010570037364959718
0.0010690009593963623
0.0010290086269378663
0.001110004186630249
0.0010420060157775878
0.0011159956455230712
0.0011669921875
0.0010869920253753663
0.0011050081253051757
0.0011810004711151124
0.0010100018978118897
0.001267998218536377
0.0011220002174377442
0.0011790025234222413
0.001091994047164917
0.0011540043354034424
0.001118999719619751
0.0010869956016540526
0.0011430013179779053
0.0011309969425201416
0.0011229848861694337
0.0011439955234527589
0.0011339974403381347
0.001101006269454956
0.0011410033702850342
0.0012140095233917237
0.00120999813079834
0.0011530041694641114
0.001127997636795044
0.0011269986629486085
0.0012219977378845216
0.0011510109901428222
0.001181011199951172
0.0012429976463317872
0.0011079955101013185
0.0012269961833953858
0.0011349940299987793
0.0011929965019226074
0.0011440074443817138
0.0011869919300079345
0.0011310029029846192
0.0011850082874298095
0.001174008846282959
0.0012159955501556397
0.0010919976234436035
0.0012120020389556885
0.0010880017280578613
0.0011540019512176513
0.0012469923496246339
0.001159008741378784
0.0010609996318817138
0.0011070001125335694
0.0011620044708251954
0.0010419988632202149
0.001177995204925537
0.0011780011653900148
0.0010879898071289062
0.0011430048942565917
0.0011880016326904297
0.0011330032348632812
0.0011039960384368896
0.0013510096073150635
0.0011410009860992431
0.0010709881782531739
0.0011260008811950684
0.0011710000038146972
0.0010989964008331298
0.0010439956188201904
0.001163008213043213
0.0011730062961578368
0.0011999964714050292
0.001119002103805542
0.0011200046539306641
0.001156996488571167
0.0010689961910247802
0.001147998571395874
0.0011760044097900392
0.001231006383895874
0.0010790014266967773
0.0011689960956573486
0.0013890111446380616
0.0016330039501190185
0.0013669967651367188
0.0012640082836151124
0.0012720131874084473
0.0012220001220703124
0.0012079989910125733
0.001139003038406372
0.001140998601913452
0.0011850047111511232
0.0011209917068481445
0.0012199997901916504
0.0011739921569824219
0.0011330044269561767
0.001193004846572876
0.0011579978466033935
0.0011719954013824463
0.0011490023136138917
0.0011370110511779786
0.0012830042839050294
0.0011419987678527833
0.0014930057525634765
0.0012519967555999756
0.0011700046062469481
0.001214998960494995
0.001155993938446045
0.0011270058155059815
0.001045994758605957
0.0012019956111907959
0.0011549985408782959
0.00109299898147583
0.0011270034313201904
0.0011959969997406006
0.0011619937419891358
0.0011510050296783447
0.0011630010604858397
0.001173001527786255
0.0011650025844573975
0.0012240040302276612
0.00115899920463562
0.001211998462677002
0.0011240017414093017
0.0011909997463226318
0.0011540055274963379
0.0012139999866485596
0.0012190032005310058
0.0011379969120025634
0.001182001829147339
0.0011749935150146484
0.0013730013370513916
0.0011659979820251465
0.0012669956684112549
0.001511993408203125
0.0011690080165863038
0.0011929929256439208
0.0011810040473937988
0.0011790037155151368
0.001146996021270752
0.0011409950256347657
0.0011800062656402589
0.0011880004405975342
0.0011960017681121827
0.0014019954204559327
0.0011859977245330812
0.0010199975967407227
0.001221005916595459
0.001182994842529297
0.0011359965801239014
0.001158992052078247
0.0012249982357025147
0.001145012378692627
0.0011540007591247558
0.0011860036849975586
0.0012270009517669678
0.0011760056018829345
0.00116599440574646
0.0011510002613067628
0.0011329972743988038
0.0011990010738372804
0.0011869966983795166
0.001183006763458252
0.0011710119247436523
0.001212996244430542
0.0015069973468780518
0.001136007308959961
0.001119002103805542
0.0012030041217803956
0.0013509976863861084
0.0012199974060058594
0.0012039983272552491
0.0011739981174468993
0.0013230001926422118
0.0011940085887908935
0.0012439906597137452
0.001072005033493042
0.0011800062656402589
0.001193997859954834
0.0011910068988800048
0.0011789965629577636
0.001293998956680298
0.001324998140335083
0.001196005344390869
0.0011750030517578124
0.0011070048809051513
0.001138991117477417
0.001191002130508423
0.0011680006980895996
0.0011229968070983886
0.001218005418777466
0.0011510050296783447
0.0011160039901733398
0.00136100172996521
0.001204996109008789
0.0011299991607666017
0.0011539971828460694
0.0012619984149932861
0.0013239991664886475
0.0012229955196380615
0.001165001392364502
0.0011629939079284668
0.0012099969387054444
0.001219998598098755
0.001110997200012207
0.0012719976902008058
0.0011729955673217773
0.0011670005321502686
0.001174001693725586
0.0011629998683929444
0.0017130017280578614
0.0012100005149841308
0.0012070047855377197
0.0011360001564025878
0.0011800014972686767
0.001147996187210083
0.001182987689971924
0.0011790096759796143
0.001239997148513794
0.0013390052318572997
0.0012059938907623292
0.0011740005016326904
0.0011899971961975098
0.0012099945545196533
0.0012300026416778565
0.0012650012969970704
0.0012320017814636231
0.00113100528717041
0.001300002336502075
0.001250002384185791
0.0013799965381622314
0.0012280166149139405
0.001363999843597412
0.0013349986076354981
0.00122100830078125
0.001191995143890381
0.001203007698059082
0.0012050008773803712
0.0012120091915130615
0.0011689937114715576
0.001173994541168213
0.0012440049648284911
0.00119099497795105
0.0012440049648284911
0.001204996109008789
0.001248990297317505
0.0011719918251037597
0.0012120020389556885
0.001081000566482544
0.001220993995666504
0.0010810017585754395
0.0010759961605072022
0.001090000867843628
0.001183995008468628
0.0010649967193603516
0.0010690093040466309
0.0017049944400787354
0.0011229991912841796
0.0011020076274871826
0.0010899996757507324
0.0010899972915649413
0.0011049962043762206
0.0010879957675933838
0.0011210036277770996
0.0010979986190795899
0.0011160027980804442
0.0010560059547424316
0.0011999928951263428
0.0011060023307800293
0.0010809957981109618
0.0012240028381347657
0.0011120057106018067
0.001163994073867798
0.0011299967765808106
0.0013460016250610351
0.001175001859664917
0.0012949955463409423
0.0012199997901916504
0.001112995147705078
0.0010940062999725342
0.001136997938156128
0.001155003309249878
0.0011589980125427245
0.0011779975891113282
0.0011620020866394043
0.0012010014057159423
0.001239997148513794
0.0011410033702850342
0.0014969944953918458
0.0011899995803833008
0.0011660051345825195
0.0011690080165863038
0.0011629986763000489
0.0011610043048858642
0.0013339972496032714
0.0014230012893676758
0.0013560116291046142
0.001659005880355835
0.0013649988174438477
0.0013769888877868653
0.001380995512008667
0.0012959957122802735
0.0012899947166442871
0.0012290036678314208
0.0012569963932037354
0.0012060034275054932
0.0011690008640289308
0.0013009977340698242
0.001302008628845215
0.0012269985675811767
0.0011609983444213867
0.0011399948596954345
0.0012060010433197022
0.0011620020866394043
0.0011630058288574219
0.0012539982795715331
0.0011470091342926025
0.001147998571395874
0.0012010061740875245
0.0010849976539611817
0.001177009344100952
0.0014840030670166015
0.0012999963760375976
0.0011930036544799804
0.0012170064449310302
0.0011849951744079589
0.0012450015544891357
0.0011530089378356933
0.0011939990520477295
0.0011870050430297851
0.0011340010166168213
0.0011790096759796143
0.0011879968643188476
0.0011609995365142822
0.0011639988422393799
0.0011450016498565673
0.0012250125408172607
0.0011270022392272949
0.001234995126724243
0.001195000410079956
0.0011810016632080077
0.0011890053749084473
0.0011789989471435547
0.0013039994239807129
0.0013239943981170654
0.0013070011138916016
0.0011580026149749757
0.0012269985675811767
0.001230999231338501
0.001202998161315918
0.0012460017204284667
0.0012330007553100586
0.0015119993686676025
0.0012560033798217774
0.0011809980869293213
0.0014819955825805663
0.0011760044097900392
0.0013060009479522706
0.0012270045280456544
0.0012369942665100097
0.0013360023498535157
0.001241997480392456
0.0011859989166259765
0.0013089990615844727
0.0012040078639984132
0.0012050008773803712
0.0012150013446807861
0.0011940062046051025
0.0012599968910217286
0.0011400020122528077
0.001238001585006714
0.0012489962577819824
0.0011299920082092285
0.0012070012092590331
0.0012060022354125977
0.0011509931087493896
0.0012200057506561279
0.0012189960479736328
0.0010969936847686768
0.0010579943656921387
0.0010850012302398681
0.001231001615524292
0.0010399949550628663
0.0010699987411499023
0.001025005578994751
0.0012689924240112305
0.0010989987850189209
0.001062999963760376
0.00118399977684021
0.00130700945854187
0.001604001522064209
0.0013319921493530273
0.0015349936485290526
0.00114798903465271
0.0016639995574951171
0.0014110028743743897
0.001242002248764038
0.0012250053882598877
0.0012550032138824462
0.0012879979610443115
0.0012450039386749268
0.001241999864578247
0.0016050100326538085
0.001186000108718872
0.0012479889392852783
0.001234995126724243
0.001230006217956543
0.0012499964237213134
0.0012000012397766113
0.0012589967250823974
0.0012439942359924315
0.0012740075588226318
0.001257004737854004
0.0015250039100646972
0.0012340033054351806
0.0012380063533782959
0.0012610101699829103
0.0012759947776794433
0.0012750065326690675
0.0015870082378387452
0.0012469971179962158
0.0012519979476928711
0.001175997257232666
0.0012740015983581543
0.0012889957427978515
0.0013230001926422118
0.0013139998912811278
0.0012269973754882812
0.001259998083114624
0.001221003532409668
0.0012109947204589843
0.0012759900093078614
0.0012650144100189208
0.0012820017337799071
0.0012439918518066407
0.0017430043220520019
0.0012659955024719239
0.0013010013103485108
0.001287006139755249
0.0012209975719451904
0.0015690016746520996
0.001483001708984375
0.0013939940929412842
0.0012729966640472412
0.0023559939861297606
0.0021020090579986573
0.0013730013370513916
0.0012210214138031006
0.0011719989776611329
0.0011699974536895752
0.001223996877670288
0.001262998580932617
0.0012010002136230468
0.0012189960479736328
0.0013119983673095703
0.0011660027503967284
0.00120200514793396
0.001234002113342285
0.0012190008163452148
0.0012710046768188476
0.0012240099906921386
0.001175999641418457
0.0013180005550384522
0.0011770033836364746
0.0012540042400360108
0.0011879968643188476
0.0011799991130828857
0.001251993179321289
0.001260007619857788
0.00120599627494812
0.0012269985675811767
0.0011990022659301757
0.0011449956893920899
0.0012590014934539795
0.0012649965286254882
0.0012059974670410156
0.001278994083404541
0.0012329936027526856
0.001131998300552368
0.0013110065460205079
0.0012430083751678467
0.0011900019645690917
0.00146401047706604
0.0013100075721740722
0.0012200033664703368
0.001230003833770752
0.0012440097332000733
0.0013060057163238525
0.001166989803314209
0.00127099871635437
0.0011720037460327148
0.0012359988689422607
0.0013120031356811522
0.0012549924850463866
0.0012389993667602539
0.0012280058860778809
0.0012530040740966796
0.0012089979648590087
0.0012050020694732667
0.001660001277923584
0.0013180077075958252
0.0014439928531646729
0.0013199996948242186
0.0012809932231903076
0.0011929988861083985
0.0012049949169158935
0.0012829935550689698
0.0012039995193481444
0.001276998519897461
0.0011500000953674316
0.001220000982284546
0.001182997226715088
0.0011899924278259276
0.0011789965629577636
0.0012139999866485596
0.0011600053310394287
0.0012029886245727539
0.001210991144180298
0.0011250007152557374
0.0012749993801116943
0.0011650002002716064
0.0012070095539093017
0.0012380003929138184
0.001239001750946045
0.0012159931659698486
0.0012139976024627686
0.0011989951133728027
0.0012449955940246583
0.0011699938774108888
0.0011860048770904541
0.0013039982318878173
0.0012360036373138428
0.0012069976329803468
0.0011380040645599366
0.0011820006370544434
0.0011599946022033691
0.001168001890182495
0.0011800038814544678
0.0012349987030029297
0.0011710035800933838
0.0011169981956481933
0.0012160003185272216
0.001240013837814331
0.001370997428894043
0.0013570010662078858
0.0013820040225982666
0.0013310039043426514
0.001285998821258545
0.001196002960205078
0.0011279857158660888
0.0012109959125518798
0.0012000012397766113
0.0012159967422485352
0.0011949992179870605
0.0011990022659301757
0.0012059926986694336
0.0011609911918640137
0.001284998655319214
0.0012560057640075683
0.0011899983882904053
0.0012409937381744384
0.001303994655609131
0.001297013759613037
0.0012339997291564942
0.0011870038509368896
0.0012350010871887208
0.0012360000610351562
0.0011980080604553224
0.001166003942489624
0.0012329947948455811
0.001211007833480835
0.0013069939613342286
0.0012350094318389893
0.0012989974021911622
0.0012279999256134032
0.0012520062923431397
0.001261003017425537
0.0012130045890808106
0.001307002305984497
0.0012030065059661864
0.0012290036678314208
0.0012179899215698242
0.0012359988689422607
0.001204005479812622
0.0012540006637573242
0.0011840128898620605
0.0012090027332305909
0.0012359976768493651
0.0012359988689422607
0.001335000991821289
0.001239999532699585
0.001183995008468628
0.001289992332458496
0.0012159991264343263
0.0012080037593841552
0.0012099957466125489
0.0012459957599639893
0.0013039958477020263
0.0012509965896606446
0.001213996410369873
0.0014779973030090332
0.0013299930095672608
0.0013040065765380859
0.0012740039825439454
0.0012100005149841308
0.001222001314163208
0.001218998432159424
0.001388998031616211
0.0013079988956451417
0.001260995864868164
0.001211005449295044
0.0012309932708740234
0.0013109982013702393
0.0012030065059661864
0.0012910008430480958
0.0012260031700134276
0.0011979949474334717
0.0015640032291412353
0.0012730038166046142
0.0011870074272155762
0.0012439930438995362
0.0012739956378936767
0.0012250018119812011
0.0011779940128326415
0.0013660001754760742
0.0014569973945617676
0.0012790000438690186
0.0011910033226013184
0.0012610006332397462
0.0012780046463012696
0.0011910009384155274
0.002158998250961304
0.0013329923152923585
0.0012380063533782959
0.001259005069732666
0.0013890039920806884
0.0012360000610351562
0.001287001371383667
0.0012710034847259522
0.0013519990444183349
0.000980994701385498
0.0009789919853210448
0.0009699928760528565
0.0009779930114746094
0.000987999439239502
0.0009900081157684327
0.0011689960956573486
0.0010379958152770996
0.0010800039768218994
0.0009820008277893067
0.0010120010375976563
0.0010559964179992676
0.0010379981994628907
0.0012429964542388916
0.0010530018806457519
0.0009779989719390868
0.0010210001468658448
0.001137995719909668
0.0012899959087371827
0.001138993501663208
0.001063007116317749
0.0010300052165985107
0.0010420036315917968
0.0011810028553009032
0.0012479925155639649
0.0010490131378173828
0.0011939942836761475
0.0011900126934051513
0.001174001693725586
0.0012450015544891357
0.0010799956321716308
0.0011999988555908203
0.0011240005493164062
0.0013250017166137695
0.0012569987773895263
0.0011249959468841552
0.0011250066757202148
0.0013920009136199952
0.0012469935417175294
0.0011160039901733398
0.0011030077934265138
0.0014010000228881837
0.001060997247695923
0.0011449933052062988
0.001212993860244751
0.0012339985370635987
0.0010850024223327637
0.0012379932403564454
0.0011729967594146728
0.0011099958419799804
0.001229008436203003
0.001199995279312134
0.0012580037117004394
0.0011339950561523437
0.0013029932975769042
0.0012839937210083008
0.001288996934890747
0.0013029909133911134
0.0013109958171844483
0.0011920011043548583
0.0012160050868988037
0.0011589980125427245
0.001408001184463501
0.0012460017204284667
0.0012100040912628174
0.0014690065383911133
0.0012300002574920654
0.001260993480682373
0.0012459993362426759
0.0012380027770996095
0.001392003297805786
0.0012379896640777588
0.0013020038604736328
0.0012409961223602294
0.0014020025730133057
0.0012639975547790528
0.0012909901142120362
0.001277996301651001
0.0012640011310577392
0.0012850022315979003
0.0013200032711029052
0.001251000165939331
0.0012349987030029297
0.0011359953880310059
0.0012460064888000489
0.001224989891052246
0.0012349975109100342
0.0012969958782196045
0.001289006471633911
0.0012639951705932617
0.0012140023708343507
0.0012699949741363525
0.0012950003147125244
0.0012919950485229493
0.001230999231338501
0.0012610077857971192
0.0013430070877075194
0.0012610054016113281
0.0013039922714233399
0.0014310002326965332
0.0013259983062744141
0.0013099908828735352
0.0012969970703125
0.0016639912128448486
0.0013750004768371582
0.001416999101638794
0.0016340100765228271
0.00127899169921875
0.0013019990921020507
0.0013150060176849365
0.0012310051918029785
0.0012279891967773438
0.001914001703262329
0.0012850046157836914
0.0013020026683807373
0.0013399946689605713
0.0013220012187957764
0.0012919926643371583
0.0013329994678497315
0.0012400054931640625
0.0012910008430480958
0.001343996524810791
0.0012709951400756835
0.0014670014381408692
0.0012879884243011475
0.0013740003108978272
0.0013369929790496826
0.0012970006465911866
0.0012620007991790772
0.0012540030479431153
0.001428990364074707
0.0013500022888183593
0.0017729902267456055
0.0012560081481933594
0.001261996030807495
0.0012630033493041992
0.0012199938297271728
0.001286996603012085
0.0013049983978271485
0.0011760079860687256
0.001239999532699585
0.001342008113861084
0.0012720036506652832
0.0012399983406066895
0.0012730002403259278
0.0012929880619049073
0.0012010025978088379
0.0011529946327209473
0.0012569975852966308
0.0012850022315979003
0.0012470054626464843
0.001322004795074463
0.001316009759902954
0.001202007532119751
0.0013190042972564698
0.0013220012187957764
0.0012600052356719971
0.0012480008602142334
0.0012250006198883056
0.0012109971046447754
0.0013079977035522462
0.001210012435913086
0.0016680014133453368
0.0012089931964874268
0.0012839949131011963
0.0014419937133789062
0.0012719881534576415
0.0012649989128112793
0.001285008192062378
0.0016710090637207032
0.0012700009346008302
0.0013380050659179688
0.001285008192062378
0.0013559961318969727
0.0012940001487731934
0.0013349974155426026
0.001278001070022583
0.0013370037078857422
0.0012809979915618898
0.0014229965209960936
0.0015610051155090332
0.0013130068778991698
0.00131500244140625
0.0013189923763275147
0.0013059985637664795
0.0012150001525878906
0.001247001886367798
0.0012799930572509766
0.0013309991359710693
0.0013490033149719239
0.0012310087680816651
0.0013069915771484375
0.0013299977779388428
0.0013409996032714845
0.0013199996948242186
0.001258997917175293
0.0012849938869476318
0.0012700045108795166
0.0011899936199188232
0.0013550007343292236
0.0014749956130981445
0.00127799391746521
0.0013760101795196533
0.0012809872627258302
0.001389998197555542
0.0013120043277740478
0.0012830102443695068
0.0012390005588531494
0.001280999183654785
0.0013189995288848877
0.0012360060214996339
0.0012839937210083008
0.001317002773284912
0.0014200019836425781
0.0013429951667785645
0.0013319945335388184
0.0012240076065063476
0.001277996301651001
0.001402992010116577
0.0012640094757080079
0.0013190007209777832
0.001662997007369995
0.0013489973545074462
0.0014620018005371094
0.0014329969882965088
0.0013919901847839356
0.0014230024814605713
0.0013050007820129394
0.0011709940433502198
0.0013150107860565186
0.0012550127506256103
0.0013240039348602294
0.0012549960613250733
0.0012379956245422363
0.0012389981746673583
0.0020709943771362303
0.0012270045280456544
0.0012040162086486817
0.0021060097217559816
0.001396995782852173
0.0012939965724945068
0.0019690072536468505
0.0012039947509765625
0.0012149977684020995
0.0021259963512420656
0.0011840033531188964
0.001157001256942749
0.002103010416030884
0.001213994026184082
0.001222999095916748
0.001759014129638672
0.0012999975681304932
0.0012109994888305664
0.0019619977474212647
0.001266998052597046
0.0012269997596740722
0.0017290043830871583
0.0013029968738555908
0.0014169955253601075
0.002341991662979126
0.0014020025730133057
0.0014290046691894532
0.002287003993988037
0.0013659965991973876
0.0017659997940063477
0.0013859951496124267
0.0011430048942565917
0.001139998435974121
0.0012200033664703368
0.0010940039157867432
0.001362994909286499
0.0011739921569824219
0.0011550068855285644
0.0011349952220916749
0.0011670029163360596
0.001080998182296753
0.001164010763168335
0.001269000768661499
0.0011220026016235353
0.0013220083713531494
0.0011700046062469481
0.0012880015373229982
0.001156001091003418
0.0012620031833648683
0.0011839962005615234
0.0012350046634674071
0.001110001802444458
0.001175997257232666
0.0015569901466369628
0.0012880027294158935
0.0012519991397857667
0.0010979950428009033
0.0011630010604858397
0.0011639988422393799
0.0014389991760253907
0.0015029942989349366
0.0011710095405578613
0.0012129902839660644
0.0012719929218292236
0.0012039983272552491
0.001336003541946411
0.0012389957904815675
0.0011570000648498536
0.001211007833480835
0.0015229904651641846
0.001137005090713501
0.0011739993095397948
0.0011120009422302245
0.0012209987640380859
0.0012769949436187743
0.0012210047245025636
0.0018379926681518556
0.0012610006332397462
0.00136000394821167
0.0012319982051849365
0.0011620080471038817
0.0012170016765594483
0.001293998956680298
0.0012970030307769775
0.0016939973831176759
0.0012659966945648194
0.0019460010528564453
0.0013270008563995362
0.0015479910373687744
0.0012880051136016845
0.0013559997081756593
0.0015989983081817628
0.0012200033664703368
0.0012709975242614746
0.0012909984588623047
0.0017359995841979981
0.0012389981746673583
0.0017130029201507567
0.0014050030708312989
0.0012560045719146728
0.0012559950351715087
0.0013209939002990722
0.0012739980220794677
0.0011679983139038085
0.0013139986991882325
0.001350998878479004
0.0012630033493041992
0.0014139986038208007
0.0012340092658996583
0.0012839984893798827
0.0012279951572418213
0.0016759991645812987
0.001342993974685669
0.0012660062313079835
0.001230006217956543
0.0015060031414031983
0.0013360011577606202
0.00124100923538208
0.001443995237350464
0.0013039922714233399
0.0014510035514831543
0.0014529931545257569
0.0012289941310882567
0.0012710011005401612
0.0013430058956146241
0.0012370061874389649
0.0014360010623931884
0.001327003240585327
0.001362999677658081
0.0012650048732757567
0.0015009987354278565
0.0013340044021606446
0.0016079974174499512
0.001313995122909546
0.0013269948959350585
0.0013590013980865478
0.0012550079822540284
0.0012899971008300782
0.0012890005111694336
0.0012990045547485352
0.0012529969215393066
0.0012889981269836425
0.001291002035140991
0.0013219857215881349
0.0013669967651367188
0.0012949991226196289
0.001308995485305786
0.0013869988918304443
0.001322004795074463
0.001287006139755249
0.0012479972839355468
0.0013409972190856934
0.0013050007820129394
0.001279999017715454
0.00160699725151062
0.001755998134613037
0.0012560033798217774
0.001267000436782837
0.0017379963397979737
0.001287003755569458
0.001370999813079834
0.001314007043838501
0.0012460005283355712
0.0012179946899414063
0.0015299975872039794
0.0014799952507019043
0.0012640011310577392
0.0015160012245178222
0.0012199890613555908
0.0012740135192871095
0.0012599992752075195
0.001344010829925537
0.0015969991683959961
0.0012059998512268066
0.0012680041790008546
0.001222001314163208
0.0014990139007568359
0.0012950050830841065
0.0012000000476837158
0.0013380074501037598
0.0012180006504058838
0.0012429916858673095
0.0012930035591125488
0.001344999074935913
0.0013550078868865966
0.001351994276046753
0.001369997262954712
0.0012440085411071777
0.0014329957962036133
0.0012819933891296386
0.001248997449874878
0.0012730026245117187
0.0012929952144622803